{"scenes":[[{"flipped":false,"visible":true,"m":[1,0,0,0,0,1,0,0,0,0,1,0,0,0,0,1]},{"flipped":false,"visible":true,"m":[1,0,0,0,0,1,0,0,0,0,1,0,-30,-95,0,1]},{"flipped":false,"visible":true,"m":[1,0,0,0,0,1,0,0,0,0,1,0,30,-95,0,1]},{"flipped":false,"visible":true,"m":[1,0,0,0,0,1,0,0,0,0,1,0,-30,-215,0,1]},{"flipped":false,"visible":true,"m":[1,0,0,0,0,1,0,0,0,0,1,0,30,-215,0,1]},{"flipped":false,"visible":true,"m":[1,0,0,0,0,1,0,0,0,0,1,0,-30,-335,0,1]},{"flipped":false,"visible":true,"m":[1,0,0,0,0,1,0,0,0,0,1,0,30,-335,0,1]},{"flipped":false,"visible":true,"m":[1,0,0,0,0,1,0,0,0,0,1,0,-50,100,0,1]},{"flipped":false,"visible":true,"m":[1,0,0,0,0,1,0,0,0,0,1,0,50,100,0,1]},{"flipped":false,"visible":true,"m":[1,0,0,0,0,1,0,0,0,0,1,0,-50,-20,0,1]},{"flipped":false,"visible":true,"m":[1,0,0,0,0,1,0,0,0,0,1,0,50,-20,0,1]},{"flipped":false,"visible":true,"m":[1,0,0,0,0,1,0,0,0,0,1,0,0,120,-20,1]}],[{"flipped":false,"visible":true,"m":[0.9999919533729553,0.0034160406794399023,-0.002112108049914241,0,-0.003429312026128173,0.9999741911888123,-0.0063123032450675964,0,0.00209049042314291,0.006319494917988777,0.9999779462814331,0,-0.39929699897766113,-1.3057818412780762,0.45680683851242065,1]},{"flipped":false,"visible":true,"m":[0.9999998807907104,2.749483101069927E-4,2.774700988084078E-4,0,-2.7274806052446365E-4,0.9999685287475586,-0.007895094342529774,0,-2.796316985040903E-4,0.007895017974078655,0.9999688267707825,0,-30.073270797729492,-96.40580749511719,1.119838833808899,1]},{"flipped":false,"visible":true,"m":[0.9999839663505554,0.005257793236523867,-0.002123407553881407,0,-0.005269993562251329,0.9999692440032959,-0.005782182328402996,0,0.0020929405000060797,0.005793279502540827,0.9999809861183167,0,29.926244735717773,-96.20085144042969,0.9931123852729797,1]},{"flipped":false,"visible":true,"m":[0.9999930262565613,0.003695327090099454,2.5046340306289494E-4,0,-0.0036932339426130056,0.9999616742134094,-0.007895996794104576,0,-2.796316985040903E-4,0.007895017974078655,0.9999688267707825,0,-30.04054069519043,-216.40203857421875,2.0672502517700195,1]},{"flipped":false,"visible":true,"m":[0.9999839663505554,0.005257793236523867,-0.002123407553881407,0,-0.005269993562251329,0.9999692440032959,-0.005782182328402996,0,0.0020929405000060797,0.005793279502540827,0.9999809861183167,0,30.558643341064453,-216.19715881347656,1.686974287033081,1]},{"flipped":false,"visible":true,"m":[0.9999930262565613,0.003695327090099454,2.5046340306289494E-4,0,-0.003694097977131605,0.9999814629554749,-0.0047386810183525085,0,-2.6796935708262026E-4,0.004737725015729666,0.9999886155128479,0,-29.597352981567383,-336.3974304199219,3.0147697925567627,1]},{"flipped":false,"visible":true,"m":[0.9999748468399048,0.0060759857296943665,0.0036610979586839676,0,-0.006063491106033325,0.9999756813049316,-0.0034140250645577908,0,-0.003681753296405077,0.0033917406108230352,0.9999875426292419,0,31.191041946411133,-336.1934814453125,2.380836248397827,1]},{"flipped":false,"visible":true,"m":[0.9999423623085022,-0.010528571903705597,-0.002023879438638687,0,0.010515549220144749,0.9999244213104248,-0.006341141182929277,0,0.00209049042314291,0.006319494917988777,0.9999779462814331,0,-50.74182891845703,98.52084350585938,-0.0688181146979332,1]},{"flipped":false,"visible":true,"m":[0.999926745891571,0.00890287384390831,-0.008198371157050133,0,-0.008954559452831745,0.9999399781227112,-0.006289390381425619,0,0.00814188551157713,0.006362343207001686,0.9999467730522156,0,49.25736999511719,98.86244201660156,-0.28002890944480896,1]},{"flipped":false,"visible":true,"m":[0.9998922944068909,-0.01055830717086792,-0.010180194862186909,0,0.010574642568826675,0.9999427199363708,0.0015520250890403986,0,0.01016322523355484,-0.0016595071647316217,0.9999471306800842,0,-52.00369644165039,-21.47008514404297,0.6921188235282898,1]},{"flipped":false,"visible":true,"m":[0.9998284578323364,0.01147733349353075,-0.014535659924149513,0,-0.01167936809360981,0.9998348951339722,-0.013891581445932388,0,0.014373824000358582,0.01405896432697773,0.9997978806495667,0,50.33191680908203,-21.130355834960938,0.47469791769981384,1]},{"flipped":false,"visible":true,"m":[0.9999919533729553,0.0034160406794399023,-0.002112108049914241,0,-0.003429312026128173,0.9999741911888123,-0.0063123032450675964,0,0.00209049042314291,0.006319494917988777,0.9999779462814331,0,-0.852624237537384,118.56472778320312,-20.300230026245117,1]}],[{"flipped":false,"visible":true,"m":[0.9999675750732422,0.006823079194873571,-0.004238544963300228,0,-0.006876085884869099,0.9998966455459595,-0.012619467452168465,0,0.004152003675699234,0.0126482043415308,0.9999111890792847,0,-0.7931576371192932,-2.610020160675049,0.9226930141448975,1]},{"flipped":false,"visible":true,"m":[0.9999995231628418,5.738153122365475E-4,5.834656767547131E-4,0,-5.645300261676311E-4,0.9998749494552612,-0.015793055295944214,0,-5.924561992287636E-4,0.015792716294527054,0.9998747110366821,0,-30.13895606994629,-97.80489349365234,2.2486987113952637,1]},{"flipped":false,"visible":true,"m":[0.9999353885650635,0.010506268590688705,-0.0042837089858949184,0,-0.0105551453307271,0.999877393245697,-0.011551396921277046,0,0.004161822609603405,0.01159586850553751,0.9999239444732666,0,29.859098434448242,-97.39551544189453,1.994386076927185,1]},{"flipped":false,"visible":true,"m":[0.9999722242355347,0.007413881365209818,4.754127294290811E-4,0,-0.007405448704957962,0.9998475909233093,-0.01579667627811432,0,-5.924561992287636E-4,0.015792716294527054,0.9998747110366821,0,-30.071212768554688,-217.78988647460938,4.143865585327148,1]},{"flipped":false,"visible":true,"m":[0.9999353885650635,0.010506268590688705,-0.0042837089858949184,0,-0.0105551453307271,0.999877393245697,-0.011551396921277046,0,0.004161822609603405,0.01159586850553751,0.9999239444732666,0,31.125715255737305,-217.38079833984375,3.380553722381592,1]},{"flipped":false,"visible":true,"m":[0.9999722242355347,0.007413881365209818,4.754127294290811E-4,0,-0.007409042213112116,0.9999274015426636,-0.009482435882091522,0,-5.456810467876494E-4,0.009478647261857986,0.9999545812606812,0,-29.182558059692383,-337.7716064453125,6.039466857910156,1]},{"flipped":false,"visible":true,"m":[0.9998987317085266,0.01219998486340046,0.007276944816112518,0,-0.012150436639785767,0.999902606010437,-0.006814897991716862,0,-0.007359377574175596,0.0067257932387292385,0.9999500513076782,0,32.392333984375,-337.3660888671875,4.766721248626709,1]},{"flipped":false,"visible":true,"m":[0.9997704029083252,-0.021063262596726418,-0.0038849827833473682,0,0.021012254059314728,0.9996980428695679,-0.012732758186757565,0,0.004152003675699234,0.0126482043415308,0.9999111890792847,0,-51.47914505004883,97.03848266601562,-0.12732653319835663,1]},{"flipped":false,"visible":true,"m":[0.9997069239616394,0.017718123272061348,-0.01647920161485672,0,-0.017925575375556946,0.9997606873512268,-0.012527278624475002,0,0.01625330001115799,0.012819008901715279,0.9997854232788086,0,48.51761245727539,97.72079467773438,-0.5511810183525085,1]},{"flipped":false,"visible":true,"m":[0.9995715022087097,-0.02118096314370632,-0.020196136087179184,0,0.021246813237667084,0.999769389629364,0.003051913110539317,0,0.020126838237047195,-0.0034797105472534895,0.9997910261154175,0,-54.000614166259766,-22.92528533935547,1.400604486465454,1]},{"flipped":false,"visible":true,"m":[0.9993143677711487,0.02275068685412407,-0.029195699840784073,0,-0.02355967089533806,0.99933922290802,-0.02767079323530197,0,0.028546880930662155,0.028339676558971405,0.9991902709007263,0,50.66868209838867,-22.25048828125,0.9520924687385559,1]},{"flipped":false,"visible":true,"m":[0.9999675750732422,0.006823079194873571,-0.004238544963300228,0,-0.006876085884869099,0.9998966455459595,-0.012619467452168465,0,0.004152003675699234,0.0126482043415308,0.9999111890792847,0,-1.7013280391693115,117.1246109008789,-20.589866638183594,1]}],[{"flipped":false,"visible":true,"m":[0.9999274611473083,0.010220981203019619,-0.006379242055118084,0,-0.010340058244764805,0.9997674226760864,-0.01892116293311119,0,0.006184365600347519,0.018985752016305923,0.9998005032539368,0,-1.1815671920776367,-3.912653684616089,1.3976415395736694,1]},{"flipped":false,"visible":true,"m":[0.9999991655349731,8.969856426119804E-4,9.177154861390591E-4,0,-8.749887347221375E-4,0.9997187852859497,-0.02369324490427971,0,-9.387107565999031E-4,0.023692423477768898,0.9997186660766602,0,-30.197086334228516,-99.19718933105469,3.3865292072296143,1]},{"flipped":false,"visible":true,"m":[0.9998549818992615,0.015744978561997414,-0.006480783224105835,0,-0.015855103731155396,0.9997242093086243,-0.017307229340076447,0,0.006206495687365532,0.017407476902008057,0.9998289346694946,0,29.798561096191406,-98.58392333984375,3.003774881362915,1]},{"flipped":false,"visible":true,"m":[0.9999375343322754,0.011155356653034687,6.745436112396419E-4,0,-0.01113623846322298,0.9996569752693176,-0.023701416328549385,0,-9.387107565999031E-4,0.023692423477768898,0.9997186660766602,0,-30.092086791992188,-219.1634521484375,6.2297186851501465,1]},{"flipped":false,"visible":true,"m":[0.9998549818992615,0.015744978561997414,-0.006480783224105835,0,-0.015855103731155396,0.9997242093086243,-0.017307229340076447,0,0.006206495687365532,0.017407476902008057,0.9998289346694946,0,31.701173782348633,-218.5508270263672,5.0806427001953125,1]},{"flipped":false,"visible":true,"m":[0.9999375343322754,0.011155356653034687,6.745436112396419E-4,0,-0.011144629679620266,0.9998364448547363,-0.014231019653379917,0,-8.33186146337539E-4,0.014222611673176289,0.9998981952667236,0,-28.7557373046875,-339.1222839355469,9.073888778686523,1]},{"flipped":false,"visible":true,"m":[0.9997723698616028,0.018371006473898888,0.01084720529615879,0,-0.018260477110743523,0.9997810125350952,-0.010202297940850258,0,-0.011032260954380035,0.01000190433114767,0.9998889565467834,0,33.60378646850586,-338.5177307128906,7.157510280609131,1]},{"flipped":false,"visible":true,"m":[0.9994850754737854,-0.03160131722688675,-0.00558231957256794,0,0.03148903697729111,0.9993202090263367,-0.01917140930891037,0,0.006184365600347519,0.018985752016305923,0.9998005032539368,0,-52.211944580078125,95.55304718017578,-0.1755126714706421,1]},{"flipped":false,"visible":true,"m":[0.9993416666984558,0.026443447917699814,-0.024840770289301872,0,-0.026911795139312744,0.9994626641273499,-0.018712539225816727,0,0.024332599714398384,0.0193687304854393,0.9995161890983582,0,47.780799865722656,96.57514190673828,-0.8134368658065796,1]},{"flipped":false,"visible":true,"m":[0.9990407228469849,-0.03186335787177086,-0.03004545345902443,0,0.03201267123222351,0.9994772672653198,0.0045015448704361916,0,0.029886316508054733,-0.00545906787738204,0.999538242816925,0,-55.99062728881836,-24.365379333496094,2.125056266784668,1]},{"flipped":false,"visible":true,"m":[0.9984602332115173,0.033813368529081345,-0.043973661959171295,0,-0.035635270178318024,0.9985098242759705,-0.04132964834570885,0,0.042510636150836945,0.042833030223846436,0.9981771111488342,0,51.010215759277344,-23.360374450683594,1.4320677518844604,1]},{"flipped":false,"visible":true,"m":[0.9999274611473083,0.010220981203019619,-0.006379242055118084,0,-0.010340058244764805,0.9997674226760864,-0.01892116293311119,0,0.006184365600347519,0.018985752016305923,0.9998005032539368,0,-2.5460615158081055,115.67972564697266,-20.868907928466797,1]}],[{"flipped":false,"visible":true,"m":[0.9998708963394165,0.013609600253403187,-0.008534126915037632,0,-0.01382096204906702,0.9995862245559692,-0.025217045098543167,0,0.008187403902411461,0.025331739336252213,0.9996455907821655,0,-1.564510464668274,-5.213618278503418,1.8816343545913696,1]},{"flipped":false,"visible":true,"m":[0.999998152256012,0.0012448271736502647,0.0012799343094229698,0,-0.0012037688866257668,0.9994998574256897,-0.03159502148628235,0,-0.0013186242431402206,0.03159342333674431,0.9994999170303345,0,-30.247644424438477,-100.58259582519531,4.53327751159668,1]},{"flipped":false,"visible":true,"m":[0.9997419118881226,0.020973460748791695,-0.008714505471289158,0,-0.021169513463974,0.9995099306106567,-0.02304927073419094,0,0.008226814679801464,0.023227807134389877,0.9996964335441589,0,29.74460792541504,-99.76602172851562,4.0212297439575195,1]},{"flipped":false,"visible":true,"m":[0.999888002872467,0.014919417910277843,8.47545568831265E-4,0,-0.01488518062978983,0.9993891716003418,-0.03160957247018814,0,-0.0013186242431402206,0.03159342333674431,0.9994999170303345,0,-30.103191375732422,-220.5225830078125,8.32468032836914,1]},{"flipped":false,"visible":true,"m":[0.9997419118881226,0.020973460748791695,-0.008714505471289158,0,-0.021169513463974,0.9995099306106567,-0.02304927073419094,0,0.008226814679801464,0.023227807134389877,0.9996964335441589,0,32.284950256347656,-219.70721435546875,6.787142276763916,1]},{"flipped":false,"visible":true,"m":[0.999888002872467,0.014919417910277843,8.47545568831265E-4,0,-0.01490064524114132,0.9997084140777588,-0.01898418366909027,0,-0.001130531309172511,0.01896943524479866,0.9998193979263306,0,-28.31696891784668,-340.44927978515625,12.117829322814941,1]},{"flipped":false,"visible":true,"m":[0.9995940327644348,0.024588020518422127,0.014371566474437714,0,-0.024393230676651,0.9996098279953003,-0.013575890101492405,0,-0.014699758030474186,0.013219818472862244,0.9998044967651367,0,34.82529067993164,-339.6484069824219,9.553054809570312,1]},{"flipped":false,"visible":true,"m":[0.999086320400238,-0.04213994741439819,-0.007114966865628958,0,0.04194478690624237,0.9987903833389282,-0.025653615593910217,0,0.008187403902411461,0.025331739336252213,0.9996455907821655,0,-52.94015121459961,94.06452941894531,-0.21336373686790466,1]},{"flipped":false,"visible":true,"m":[0.9988301396369934,0.03507653623819351,-0.03328128904104233,0,-0.035911925137043,0.999045729637146,-0.024844029918313026,0,0.032378099858760834,0.026010168716311455,0.999137282371521,0,47.046939849853516,95.42549133300781,-1.0667763948440552,1]},{"flipped":false,"visible":true,"m":[0.9983019828796387,-0.042600855231285095,-0.039725884795188904,0,0.042868249118328094,0.9990631937980652,0.005902937147766352,0,0.039437200874090195,-0.007595887873321772,0.9991932511329651,0,-57.97352600097656,-25.790313720703125,2.865070343017578,1]},{"flipped":false,"visible":true,"m":[0.997266411781311,0.04465876519680023,-0.05886293575167656,0,-0.047900330275297165,0.9973440766334534,-0.05486013740301132,0,0.05625663325190544,0.05752972513437271,0.9967576861381531,0,51.35636901855469,-24.459999084472656,1.914507269859314,1]},{"flipped":false,"visible":true,"m":[0.9998708963394165,0.013609600253403187,-0.008534126915037632,0,-0.01382096204906702,0.9995862245559692,-0.025217045098543167,0,0.008187403902411461,0.025331739336252213,0.9996455907821655,0,-3.3867740631103516,114.23009490966797,-21.1373233795166,1]}],[{"flipped":false,"visible":true,"m":[0.9997983574867249,0.016988806426525116,-0.010703127831220627,0,-0.01731853559613228,0.999353289604187,-0.03150678798556328,0,0.010160945355892181,0.03168579190969467,0.9994462728500366,0,-1.9419736862182617,-6.512854099273682,2.3746538162231445,1]},{"flipped":false,"visible":true,"m":[0.999997079372406,0.0016177231445908546,0.001669841818511486,0,-0.001550508663058281,0.9992181658744812,-0.0394977442920208,0,-0.0017324276268482208,0.03949504345655441,0.9992182850837708,0,-30.29066276550293,-101.9610824584961,5.688892841339111,1]},{"flipped":false,"visible":true,"m":[0.9995965957641602,0.02619127184152603,-0.010984744876623154,0,-0.02649802342057228,0.9992342591285706,-0.02877710573375225,0,0.01022262591868639,0.029056565836071968,0.9995254278182983,0,29.697237014770508,-100.9417495727539,5.0467047691345215,1]},{"flipped":false,"visible":true,"m":[0.9998242855072021,0.01870575360953808,9.941214229911566E-4,0,-0.018651869148015976,0.9990443587303162,-0.03952052444219589,0,-0.0017324276268482208,0.03949504345655441,0.9992182850837708,0,-30.10460090637207,-221.8672637939453,10.428622245788574,1]},{"flipped":false,"visible":true,"m":[0.9995965957641602,0.02619127184152603,-0.010984744876623154,0,-0.02649802342057228,0.9992342591285706,-0.02877710573375225,0,0.01022262591868639,0.029056565836071968,0.9995254278182983,0,32.87699890136719,-220.849853515625,8.499958038330078,1]},{"flipped":false,"visible":true,"m":[0.9998242855072021,0.01870575360953808,9.941214229911566E-4,0,-0.018676891922950745,0.9995431900024414,-0.023741696029901505,0,-0.0014377686893567443,0.02371896058320999,0.9997175335884094,0,-27.866376876831055,-341.7525939941406,15.171085357666016,1]},{"flipped":false,"visible":true,"m":[0.99936443567276,0.030850039795041084,0.017849698662757874,0,-0.0305483341217041,0.9993893504142761,-0.016935355961322784,0,-0.01836126483976841,0.01637931913137436,0.9996970891952515,0,36.0567626953125,-340.7579650878906,11.953210830688477,1]},{"flipped":false,"visible":true,"m":[0.9985756278038025,-0.05267639830708504,-0.008482076227664948,0,0.052378471940755844,0.9981086254119873,-0.03217590972781181,0,0.010160945355892181,0.03168579190969467,0.9994462728500366,0,-53.66374588012695,92.57302856445312,-0.2408686876296997,1]},{"flipped":false,"visible":true,"m":[0.9981734156608582,0.04361513629555702,-0.04179897904396057,0,-0.04492473602294922,0.9985113739967346,-0.030920660123229027,0,0.04038815572857857,0.032741986215114594,0.9986472725868225,0,46.31608963012695,94.27191162109375,-1.3111814260482788,1]},{"flipped":false,"visible":true,"m":[0.9973593354225159,-0.05338887870311737,-0.04923534765839577,0,0.05380957946181297,0.9985246658325195,0.007258194033056498,0,0.04877520352602005,-0.00988835096359253,0.9987608790397644,0,-59.949161529541016,-27.20000457763672,3.6202406883239746,1]},{"flipped":false,"visible":true,"m":[0.9957351684570312,0.055280424654483795,-0.07385684549808502,0,-0.06034892052412033,0.9958404302597046,-0.06825422495603561,0,0.06977654993534088,0.07242032140493393,0.9949301481246948,0,51.70705795288086,-25.549453735351562,2.3992977142333984,1]},{"flipped":false,"visible":true,"m":[0.9997983574867249,0.016988806426525116,-0.010703127831220627,0,-0.01731853559613228,0.999353289604187,-0.03150678798556328,0,0.010160945355892181,0.03168579190969467,0.9994462728500366,0,-4.223416805267334,112.77582550048828,-21.39508819580078,1]}],[{"flipped":false,"visible":true,"m":[0.9997096061706543,0.020358454436063766,-0.0128861702978611,0,-0.02083250880241394,0.9990684986114502,-0.03779004141688347,0,0.0121048204600811,0.038047514855861664,0.9992026090621948,0,-2.3139424324035645,-7.810296535491943,2.876681089401245,1]},{"flipped":false,"visible":true,"m":[0.9999955892562866,0.0020160358399152756,0.0020871395245194435,0,-0.001914840191602707,0.9988738894462585,-0.04740075767040253,0,-0.0021803509443998337,0.04739655926823616,0.9988737106323242,0,-30.326141357421875,-103.33255767822266,6.853320121765137,1]},{"flipped":false,"visible":true,"m":[0.9994184374809265,0.031397949904203415,-0.013291364535689354,0,-0.03184027224779129,0.9988974928855896,-0.03449031710624695,0,0.012193785980343819,0.0348934605717659,0.9993165135383606,0,29.65643310546875,-102.11104583740234,6.0801496505737305,1]},{"flipped":false,"visible":true,"m":[0.9997456669807434,0.02251402661204338,0.0011139640118926764,0,-0.02243587002158165,0.9986221194267273,-0.047433603554964066,0,-0.0021803509443998337,0.04739655926823616,0.9988737106323242,0,-30.09636116027832,-223.19741821289062,12.541410446166992,1]},{"flipped":false,"visible":true,"m":[0.9994184374809265,0.031397949904203415,-0.013291364535689354,0,-0.03184027224779129,0.9988974928855896,-0.03449031710624695,0,0.012193785980343819,0.0348934605717659,0.9993165135383606,0,33.477264404296875,-221.97874450683594,10.218987464904785,1]},{"flipped":false,"visible":true,"m":[0.9997456669807434,0.02251402661204338,0.0011139640118926764,0,-0.02247314527630806,0.9993406534194946,-0.028503280133008957,0,-0.0017549536423757672,0.02847100980579853,0.9995929002761841,0,-27.404056549072266,-343.0320739746094,18.233442306518555,1]},{"flipped":false,"visible":true,"m":[0.9990825653076172,0.03715603053569794,0.021281326189637184,0,-0.03672541305422783,0.9991194605827332,-0.020280353724956512,0,-0.022016126662492752,0.019480179995298386,0.9995675683021545,0,37.298095703125,-341.846435546875,14.35782527923584,1]},{"flipped":false,"visible":true,"m":[0.9979532957077026,-0.06320788711309433,-0.00968286395072937,0,0.06278907507658005,0.9972748160362244,-0.03873477503657341,0,0.0121048204600811,0.038047514855861664,0.9992026090621948,0,-54.38267517089844,91.0786361694336,-0.2580145001411438,1]},{"flipped":false,"visible":true,"m":[0.9973716139793396,0.05205700546503067,-0.050392016768455505,0,-0.05394894257187843,0.9978599548339844,-0.03694131597876549,0,0.04836113005876541,0.03956282138824463,0.9980460405349731,0,45.588287353515625,93.1144790649414,-1.5466315746307373,1]},{"flipped":false,"visible":true,"m":[0.9962151050567627,-0.06422281265258789,-0.05857188254594803,0,0.0648326426744461,0.9978592395782471,0.008569563739001751,0,0.05789614096283913,-0.012334519065916538,0.9982463717460632,0,-61.91736602783203,-28.594345092773438,4.390158176422119,1]},{"flipped":false,"visible":true,"m":[0.9938684701919556,0.06567201763391495,-0.08894866704940796,0,-0.07297492027282715,0.9939973950386047,-0.0815039873123169,0,0.08306224644184113,0.08749528974294662,0.9926958084106445,0,52.06216049194336,-26.62871551513672,2.886326551437378,1]},{"flipped":false,"visible":true,"m":[0.9997096061706543,0.020358454436063766,-0.0128861702978611,0,-0.02083250880241394,0.9990684986114502,-0.03779004141688347,0,0.0121048204600811,0.038047514855861664,0.9992026090621948,0,-5.055939674377441,111.31697082519531,-21.64217758178711,1]}],[{"flipped":false,"visible":true,"m":[0.9996046423912048,0.02371840365231037,-0.015083186328411102,0,-0.024362608790397644,0.9987313151359558,-0.044066473841667175,0,0.014018865302205086,0.044416531920433044,0.9989145994186401,0,-2.680402994155884,-9.105883598327637,3.38769793510437,1]},{"flipped":false,"visible":true,"m":[0.9999935030937195,0.0024401359260082245,0.0025315377861261368,0,-0.0022964105010032654,0.9984664916992188,-0.05530345067381859,0,-0.0026626018807291985,0.055297303944826126,0.9984662532806396,0,-30.354095458984375,-104.69691467285156,8.026508331298828,1]},{"flipped":false,"visible":true,"m":[0.9992076754570007,0.03659303858876228,-0.015634234994649887,0,-0.03719590976834297,0.9984992742538452,-0.0401885025203228,0,0.014140156097710133,0.04073821008205414,0.9990695714950562,0,29.62218475341797,-103.2738037109375,7.121517181396484,1]},{"flipped":false,"visible":true,"m":[0.9996517896652222,0.02634389139711857,0.0012067825300619006,0,-0.02623676508665085,0.9981217384338379,-0.05534819886088371,0,-0.0026626018807291985,0.055297303944826126,0.9984662532806396,0,-30.07852554321289,-224.5128936767578,14.662921905517578,1]},{"flipped":false,"visible":true,"m":[0.9992076754570007,0.03659303858876228,-0.015634234994649887,0,-0.03719590976834297,0.9984992742538452,-0.0401885025203228,0,0.014140156097710133,0.04073821008205414,0.9990695714950562,0,34.085693359375,-223.09371948242188,11.944137573242188,1]},{"flipped":false,"visible":true,"m":[0.9996517896652222,0.02634389139711857,0.0012067825300619006,0,-0.02628919668495655,0.9990999102592468,-0.03326871246099472,0,-0.00208212248980999,0.03322543948888779,0.9994454383850098,0,-26.93011474609375,-344.2875061035156,21.304706573486328,1]},{"flipped":false,"visible":true,"m":[0.9987483620643616,0.04350496456027031,0.02466614916920662,0,-0.04292406141757965,0.9987990856170654,-0.023610539734363556,0,-0.0256637092679739,0.02252224087715149,0.9994168281555176,0,38.54920196533203,-342.91363525390625,16.76675796508789,1]},{"flipped":false,"visible":true,"m":[0.9972202777862549,-0.07373156398534775,-0.010716631077229977,0,0.07317554205656052,0.9962882399559021,-0.045326706022024155,0,0.014018865302205086,0.044416531920433044,0.9989145994186401,0,-55.09689712524414,89.58132934570312,-0.2647899389266968,1]},{"flipped":false,"visible":true,"m":[0.9964250922203064,0.06039988622069359,-0.05905856564640999,0,-0.06298327445983887,0.9970915913581848,-0.04290491342544556,0,0.05629535764455795,0.04647126421332359,0.9973319172859192,0,44.86356735229492,91.95317077636719,-1.7731086015701294,1]},{"flipped":false,"visible":true,"m":[0.9948729276657104,-0.07509803771972656,-0.06773369759321213,0,0.0759333074092865,0.997063934803009,0.009839408099651337,0,0.06679592281579971,-0.014932176098227501,0.9976547956466675,0,-63.877960205078125,-29.97325897216797,5.17441463470459,1]},{"flipped":false,"visible":true,"m":[0.9916682839393616,0.07582730054855347,-0.1041315495967865,0,-0.08577211946249008,0.991813063621521,-0.09460145980119705,0,0.0961056649684906,0.10274489969015121,0.9900540709495544,0,52.42156219482422,-27.69782257080078,3.375481128692627,1]},{"flipped":false,"visible":true,"m":[0.9996046423912048,0.02371840365231037,-0.015083186328411102,0,-0.024362608790397644,0.9987313151359558,-0.044066473841667175,0,0.014018865302205086,0.044416531920433044,0.9989145994186401,0,-5.884293556213379,109.8535385131836,-21.878572463989258,1]}],[{"flipped":false,"visible":true,"m":[0.9994838237762451,0.02706853114068508,-0.01729409769177437,0,-0.027908572927117348,0.9983423352241516,-0.050335753709077835,0,0.015902915969491005,0.05079244077205658,0.9985824227333069,0,-3.0413432121276855,-10.399553298950195,3.9076852798461914,1]},{"flipped":false,"visible":true,"m":[0.9999909996986389,0.002890395000576973,0.0030027367174625397,0,-0.0026948414742946625,0.9979967474937439,-0.06320516765117645,0,-0.0031794076785445213,0.06319654732942581,0.9979956746101379,0,-30.374542236328125,-106.05413055419922,9.208404541015625,1]},{"flipped":false,"visible":true,"m":[0.9989643692970276,0.04177609458565712,-0.018013212829828262,0,-0.042564570903778076,0.9980399012565613,-0.045871250331401825,0,0.016061589121818542,0.04659049212932587,0.9987846612930298,0,29.594486236572266,-104.43001556396484,8.170759201049805,1]},{"flipped":false,"visible":true,"m":[0.9995428919792175,0.030195042490959167,0.0012722851242870092,0,-0.03005412593483925,0.9975440502166748,-0.0632636621594429,0,-0.0031794076785445213,0.06319654732942581,0.9979956746101379,0,-30.05116081237793,-225.81375122070312,16.79302406311035,1]},{"flipped":false,"visible":true,"m":[0.9989643692970276,0.04177609458565712,-0.018013212829828262,0,-0.042564570903778076,0.9980399012565613,-0.045871250331401825,0,0.016061589121818542,0.04659049212932587,0.9987846612930298,0,34.70223617553711,-224.19479370117188,13.675309181213379,1]},{"flipped":false,"visible":true,"m":[0.9995428919792175,0.030195042490959167,0.0012722851242870092,0,-0.030124837532639503,0.9988218545913696,-0.038037754595279694,0,-0.0024193357676267624,0.037982068955898285,0.9992750883102417,0,-26.444665908813477,-345.51904296875,24.384662628173828,1]},{"flipped":false,"visible":true,"m":[0.9983614683151245,0.04989582300186157,0.02800390124320984,0,-0.04914390295743942,0.9984285831451416,-0.0269255880266428,0,-0.029303375631570816,0.02550525590777397,0.9992446303367615,0,39.80998611450195,-343.9595947265625,19.179859161376953,1]},{"flipped":false,"visible":true,"m":[0.9963776469230652,-0.08424466103315353,-0.011582736857235432,0,0.08353692293167114,0.9951497316360474,-0.0519481860101223,0,0.015902915969491005,0.05079244077205658,0.9985824227333069,0,-55.80638885498047,88.08126068115234,-0.26118534803390503,1]},{"flipped":false,"visible":true,"m":[0.9953349232673645,0.06864163279533386,-0.06779678165912628,0,-0.07202649861574173,0.9962077140808105,-0.04881039261817932,0,0.06418924778699875,0.053465865552425385,0.9965042471885681,0,44.141990661621094,90.7881088256836,-1.9905951023101807,1]},{"flipped":false,"visible":true,"m":[0.9933359622955322,-0.08600996434688568,-0.07671914994716644,0,0.08710750937461853,0.9961374998092651,0.011070146225392818,0,0.0754706859588623,-0.017679190263152122,0.9969913363456726,0,-65.83081817626953,-31.336708068847656,5.972597122192383,1]},{"flipped":false,"visible":true,"m":[0.9891370534896851,0.08574023842811584,-0.11939859390258789,0,-0.09873411059379578,0.9892862439155579,-0.10753868520259857,0,0.10889896750450134,0.11815925687551498,0.9870048761367798,0,52.78517150878906,-28.756813049316406,3.866652250289917,1]},{"flipped":false,"visible":true,"m":[0.9994838237762451,0.02706853114068508,-0.01729409769177437,0,-0.027908572927117348,0.9983423352241516,-0.050335753709077835,0,0.015902915969491005,0.05079244077205658,0.9985824227333069,0,-6.708430290222168,108.38567352294922,-22.10425567626953,1]}],[{"flipped":false,"visible":true,"m":[0.9993467330932617,0.03040868416428566,-0.019518829882144928,0,-0.031470127403736115,0.9979008436203003,-0.056597549468278885,0,0.01775680109858513,0.05717485398054123,0.9982062578201294,0,-3.3967485427856445,-11.691241264343262,4.436624526977539,1]},{"flipped":false,"visible":true,"m":[0.999987781047821,0.0033671576529741287,0.003500441089272499,0,-0.003109768033027649,0.9974638223648071,-0.07110530883073807,0,-0.0037309806793928146,0.07109358161687851,0.9974625706672668,0,-30.387489318847656,-107.40408325195312,10.398956298828125,1]},{"flipped":false,"visible":true,"m":[0.9986883401870728,0.04694665968418121,-0.020428158342838287,0,-0.04794591665267944,0.997519314289093,-0.051538169384002686,0,0.017957936972379684,0.0524500273168087,0.9984620213508606,0,29.573314666748047,-105.57955932617188,9.227827072143555,1]},{"flipped":false,"visible":true,"m":[0.9994180798530579,0.03406708687543869,0.0013101899530738592,0,-0.03388750180602074,0.9968873858451843,-0.0711793527007103,0,-0.0037309806793928146,0.07109358161687851,0.9974625706672668,0,-30.01431655883789,-227.0997314453125,18.93159294128418,1]},{"flipped":false,"visible":true,"m":[0.9986883401870728,0.04694665968418121,-0.020428158342838287,0,-0.04794591665267944,0.997519314289093,-0.051538169384002686,0,0.017957936972379684,0.0524500273168087,0.9984620213508606,0,35.32682418823242,-225.28187561035156,15.412406921386719,1]},{"flipped":false,"visible":true,"m":[0.9994180798530579,0.03406708687543869,0.0013101899530738592,0,-0.03397982567548752,0.9985048174858093,-0.042810115963220596,0,-0.00276664225384593,0.04274071753025055,0.9990822076797485,0,-25.947816848754883,-346.7262268066406,27.473114013671875,1]},{"flipped":false,"visible":true,"m":[0.9979215264320374,0.05632755905389786,0.0312943309545517,0,-0.055384546518325806,0.9980072975158691,-0.030225148424506187,0,-0.03293447196483612,0.028429117053747177,0.999052882194519,0,41.0803337097168,-344.98419189453125,21.596986770629883,1]},{"flipped":false,"visible":true,"m":[0.9954257607460022,-0.09474433213472366,-0.012280615977942944,0,0.09387223422527313,0.9938583970069885,-0.0585956871509552,0,0.01775680109858513,0.05717485398054123,0.9982062578201294,0,-56.51110076904297,86.57841491699219,-0.2471887469291687,1]},{"flipped":false,"visible":true,"m":[0.9941005706787109,0.07677999138832092,-0.07660475373268127,0,-0.08107732236385345,0.9952079057693481,-0.054656680673360825,0,0.0720411166548729,0.0605451762676239,0.9955623745918274,0,43.42357635498047,89.61927795410156,-2.1990716457366943,1]},{"flipped":false,"visible":true,"m":[0.9916071891784668,-0.09695400297641754,-0.08552674204111099,0,0.09835097193717957,0.9950761795043945,0.012264390476047993,0,0.08391652256250381,-0.020573100075125694,0.9962602853775024,0,-67.77577209472656,-32.684593200683594,6.784294128417969,1]},{"flipped":false,"visible":true,"m":[0.9862767457962036,0.09540481865406036,-0.1347428411245346,0,-0.11185432970523834,0.9864147305488586,-0.1203078106045723,0,0.12143439054489136,0.13372839987277985,0.9835500121116638,0,53.152854919433594,-29.80567169189453,4.359729766845703,1]},{"flipped":false,"visible":true,"m":[0.9993467330932617,0.03040868416428566,-0.019518829882144928,0,-0.031470127403736115,0.9979008436203003,-0.056597549468278885,0,0.01775680109858513,0.05717485398054123,0.9982062578201294,0,-7.528299808502197,106.91336059570312,-22.31920623779297,1]}],[{"flipped":false,"visible":true,"m":[0.9991937279701233,0.03373873233795166,-0.02175731211900711,0,-0.03504699468612671,0.9974073171615601,-0.06285152584314346,0,0.019580373540520668,0.06356337666511536,0.9977858066558838,0,-3.746608018875122,-12.980891227722168,4.974496841430664,1]},{"flipped":false,"visible":true,"m":[0.9999843835830688,0.0038708075881004333,0.004024328663945198,0,-0.0035408027470111847,0.9968679547309875,-0.07900319248437881,0,-0.004317527636885643,0.07898769527673721,0.9968661665916443,0,-30.392953872680664,-108.74674224853516,11.598111152648926,1]},{"flipped":false,"visible":true,"m":[0.9983794689178467,0.052104271948337555,-0.022878920659422874,0,-0.053339555859565735,0.9969374537467957,-0.05718883126974106,0,0.019829072058200836,0.05831650644540787,0.9981012344360352,0,29.55866813659668,-106.72241973876953,10.292672157287598,1]},{"flipped":false,"visible":true,"m":[0.99927818775177,0.03795970603823662,0.001320201437920332,0,-0.037736471742391586,0.9961523413658142,-0.07909459620714188,0,-0.004317527636885643,0.07898769527673721,0.9968661665916443,0,-29.96805763244629,-228.3708953857422,21.078495025634766,1]},{"flipped":false,"visible":true,"m":[0.9983794689178467,0.052104271948337555,-0.022878920659422874,0,-0.053339555859565735,0.9969374537467957,-0.05718883126974106,0,0.019829072058200836,0.05831650644540787,0.9981012344360352,0,35.959415435791016,-226.35491943359375,17.155332565307617,1]},{"flipped":false,"visible":true,"m":[0.99927818775177,0.03795970603823662,0.001320201437920332,0,-0.03785396367311478,0.9981493949890137,-0.047585565596818924,0,-0.003124090377241373,0.047501254826784134,0.9988662600517273,0,-25.439682006835938,-347.9091796875,30.569847106933594,1]},{"flipped":false,"visible":true,"m":[0.9974283576011658,0.06279914081096649,0.034537166357040405,0,-0.06164558231830597,0.9975352883338928,-0.03350888192653656,0,-0.03655637055635452,0.03129364922642708,0.9988414645195007,0,42.36016082763672,-345.9874267578125,24.01799201965332,1]},{"flipped":false,"visible":true,"m":[0.9943655133247375,-0.10522780567407608,-0.012809778563678265,0,0.10418055951595306,0.9924145936965942,-0.06526564806699753,0,0.019580373540520668,0.06356337666511536,0.9977858066558838,0,-57.210994720458984,85.07290649414062,-0.22279000282287598,1]},{"flipped":false,"visible":true,"m":[0.9927233457565308,0.08481287956237793,-0.08548059314489365,0,-0.09013450145721436,0.994093656539917,-0.06044275313615799,0,0.07984938472509384,0.06770768761634827,0.9945049285888672,0,42.708377838134766,88.44677734375,-2.3985211849212646,1]},{"flipped":false,"visible":true,"m":[0.9896900653839111,-0.1079256534576416,-0.09415510296821594,0,0.10965956747531891,0.9938785433769226,0.013424820266664028,0,0.09212982654571533,-0.02361142262816429,0.995466947555542,0,-69.71266174316406,-34.016845703125,7.609087944030762,1]},{"flipped":false,"visible":true,"m":[0.983090341091156,0.10481531918048859,-0.15015719830989838,0,-0.1251261979341507,0.9831991195678711,-0.13290099799633026,0,0.13370436429977417,0.14944225549697876,0.9796890616416931,0,53.52451705932617,-30.844459533691406,4.854609489440918,1]},{"flipped":false,"visible":true,"m":[0.9991937279701233,0.03373873233795166,-0.02175731211900711,0,-0.03504699468612671,0.9974073171615601,-0.06285152584314346,0,0.019580373540520668,0.06356337666511536,0.9977858066558838,0,-8.343854904174805,105.43672180175781,-22.523401260375977,1]}],[{"flipped":false,"visible":true,"m":[0.999024510383606,0.03705853596329689,-0.0240094643086195,0,-0.038638897240161896,0.9968611598014832,-0.06909731030464172,0,0.021373461931943893,0.06995760649442673,0.9973208904266357,0,-4.090908050537109,-14.268430709838867,5.521279811859131,1]},{"flipped":false,"visible":true,"m":[0.9999794960021973,0.0044016651809215546,0.0045740921050310135,0,-0.0039875805377960205,0.9962088465690613,-0.08689816296100616,0,-0.0049392469227313995,0.08687816560268402,0.9962064623832703,0,-30.390949249267578,-110.08200073242188,12.805807113647461,1]},{"flipped":false,"visible":true,"m":[0.9980374574661255,0.05724848061800003,-0.025365350767970085,0,-0.0587451308965683,0.9962941408157349,-0.06282281130552292,0,0.02167484350502491,0.0641896203160286,0.9977023601531982,0,29.550521850585938,-107.85848999023438,11.365240097045898,1]},{"flipped":false,"visible":true,"m":[0.9991216063499451,0.041872501373291016,0.001302044140174985,0,-0.0416005477309227,0.9953380823135376,-0.08700871467590332,0,-0.0049392469227313995,0.08687816560268402,0.9962064623832703,0,-29.912439346313477,-229.62705993652344,23.233585357666016,1]},{"flipped":false,"visible":true,"m":[0.9980374574661255,0.05724848061800003,-0.025365350767970085,0,-0.0587451308965683,0.9962941408157349,-0.06282281130552292,0,0.02167484350502491,0.0641896203160286,0.9977023601531982,0,36.599937438964844,-227.41378784179688,18.903976440429688,1]},{"flipped":false,"visible":true,"m":[0.9991216063499451,0.041872501373291016,0.001302044140174985,0,-0.04174696281552315,0.9977543950080872,-0.05236376076936722,0,-0.0034917218144983053,0.052263449877500534,0.9986267685890198,0,-24.920373916625977,-349.067626953125,33.67462921142578,1]},{"flipped":false,"visible":true,"m":[0.9968810677528381,0.06930949538946152,0.03773218393325806,0,-0.06792659312486649,0.9970120191574097,-0.036776408553123474,0,-0.040168385952711105,0.03409869968891144,0.9986108541488647,0,43.64935302734375,-346.9690856933594,26.44271469116211,1]},{"flipped":false,"visible":true,"m":[0.9931976795196533,-0.11569218337535858,-0.013169806450605392,0,0.11446091532707214,0.9908182621002197,-0.07195449620485306,0,0.021373461931943893,0.06995760649442673,0.9973208904266357,0,-57.90602111816406,83.56475830078125,-0.18797791004180908,1]},{"flipped":false,"visible":true,"m":[0.991203248500824,0.09273810684680939,-0.09442232549190521,0,-0.09919674694538116,0.992865264415741,-0.06616753339767456,0,0.08761239796876907,0.07495185732841492,0.9933308362960815,0,41.996429443359375,87.27061462402344,-2.5889244079589844,1]},{"flipped":false,"visible":true,"m":[0.9875880479812622,-0.11892030388116837,-0.10260298103094101,0,0.12102894484996796,0.9925422072410583,0.014554177410900593,0,0.10010701417922974,-0.02679147757589817,0.9946157932281494,0,-71.64132690429688,-35.33343505859375,8.446561813354492,1]},{"flipped":false,"visible":true,"m":[0.9795798659324646,0.1139659658074379,-0.16563446819782257,0,-0.13854281604290009,0.9796376824378967,-0.14531026780605316,0,0.14570140838623047,0.16529050469398499,0.9754229784011841,0,53.90003967285156,-31.873214721679688,5.351179599761963,1]},{"flipped":false,"visible":true,"m":[0.999024510383606,0.03705853596329689,-0.0240094643086195,0,-0.038638897240161896,0.9968611598014832,-0.06909731030464172,0,0.021373461931943893,0.06995760649442673,0.9973208904266357,0,-9.155044555664062,103.95575714111328,-22.716815948486328,1]}],[{"flipped":false,"visible":true,"m":[0.9988393187522888,0.040367960929870605,-0.026275211945176125,0,-0.04224557429552078,0.9962631464004517,-0.07533461600542068,0,0.023135917261242867,0.07635719329118729,0.9968119263648987,0,-4.429637432098389,-15.553807258605957,6.0769548416137695,1]},{"flipped":false,"visible":true,"m":[0.9999743103981018,0.004960101097822189,0.005149418488144875,0,-0.004449721425771713,0.9954873919487,-0.09478964656591415,0,-0.005596347153186798,0.0947643294930458,0.9954836368560791,0,-30.381486892700195,-111.40984344482422,14.022000312805176,1]},{"flipped":false,"visible":true,"m":[0.9976627230644226,0.062378838658332825,-0.027887295931577682,0,-0.06416229903697968,0.9955899119377136,-0.06843972951173782,0,0.02349512279033661,0.07006910443305969,0.9972652792930603,0,29.548871994018555,-108.9877700805664,12.445487022399902,1]},{"flipped":false,"visible":true,"m":[0.9989495873451233,0.04580516740679741,0.0012554440181702375,0,-0.04547933489084244,0.9944455027580261,-0.09492112696170807,0,-0.005596347153186798,0.0947643294930458,0.9954836368560791,0,-29.84752082824707,-230.8683319091797,25.396759033203125,1]},{"flipped":false,"visible":true,"m":[0.9976627230644226,0.0623788