import * as THREE from 'three';

const scene = new THREE.Scene();
const camera = new THREE.PerspectiveCamera( 75, window.innerWidth / window.innerHeight, 0.1, 1000 );
camera.position.x = 350;
camera.position.y = 120;
camera.position.z = -100;
camera.lookAt(0, 0, 0);

const renderer = new THREE.WebGLRenderer();
renderer.setSize(window.innerWidth, window.innerHeight);
document.body.appendChild(renderer.domElement);

var i, j, k;
var colors = [ 0, 128, 255 ];

var materials = [];
for(i = 0; i < 3; i++) {
    for(j = 0; j < 3; j++) {
        for(k = 0; k < 3; k++) {
            materials.push(new THREE.MeshBasicMaterial({color: (colors[i] * 256 * 256 + colors[j] * 256 + colors[k] )}));
        }
    }
}

var triangles = [];
var numberOfTriangles = 1000;
for(i = 0; i < numberOfTriangles; i++) {
    var geometry = new THREE.BufferGeometry();
    var vertices = new Float32Array([ 1, 0, 0, 0, 1, 0, 0, 0, 1 ]);
    var indices = [ 0, 1, 2 ];
    geometry.setIndex(indices);
    geometry.setAttribute('position', new THREE.BufferAttribute(vertices, 3));
    var mesh = new THREE.Mesh(geometry, materials[0]);
    mesh.matrixAutoUpdate = false;
}

var currentTriangleIndex = 0;


var parts = [];


const numberOfScenesRun = 200;
const animationRun = [
	[
		new THREE.Matrix4(1.0, 0.0, 0.0, 0.0, 0.0, 1.0, 0.0, 0.0, 0.0, 0.0, 1.0, 0.0, 0.0, 0.0, 0.0, 1.0),
		new THREE.Matrix4(1.0, 0.0, 0.0, -30.0, 0.0, 1.0, 0.0, -95.0, 0.0, 0.0, 1.0, 0.0, 0.0, 0.0, 0.0, 1.0),
		new THREE.Matrix4(1.0, 0.0, 0.0, 30.0, 0.0, 1.0, 0.0, -95.0, 0.0, 0.0, 1.0, 0.0, 0.0, 0.0, 0.0, 1.0),
		new THREE.Matrix4(1.0, 0.0, 0.0, -30.0, 0.0, 1.0, 0.0, -215.0, 0.0, 0.0, 1.0, 0.0, 0.0, 0.0, 0.0, 1.0),
		new THREE.Matrix4(1.0, 0.0, 0.0, 30.0, 0.0, 1.0, 0.0, -215.0, 0.0, 0.0, 1.0, 0.0, 0.0, 0.0, 0.0, 1.0),
		new THREE.Matrix4(1.0, 0.0, 0.0, -30.0, 0.0, 1.0, 0.0, -335.0, 0.0, 0.0, 1.0, 0.0, 0.0, 0.0, 0.0, 1.0),
		new THREE.Matrix4(1.0, 0.0, 0.0, 30.0, 0.0, 1.0, 0.0, -335.0, 0.0, 0.0, 1.0, 0.0, 0.0, 0.0, 0.0, 1.0),
		new THREE.Matrix4(1.0, 0.0, 0.0, -50.0, 0.0, 1.0, 0.0, 100.0, 0.0, 0.0, 1.0, 0.0, 0.0, 0.0, 0.0, 1.0),
		new THREE.Matrix4(1.0, 0.0, 0.0, 50.0, 0.0, 1.0, 0.0, 100.0, 0.0, 0.0, 1.0, 0.0, 0.0, 0.0, 0.0, 1.0),
		new THREE.Matrix4(1.0, 0.0, 0.0, -50.0, 0.0, 1.0, 0.0, -20.0, 0.0, 0.0, 1.0, 0.0, 0.0, 0.0, 0.0, 1.0),
		new THREE.Matrix4(1.0, 0.0, 0.0, 50.0, 0.0, 1.0, 0.0, -20.0, 0.0, 0.0, 1.0, 0.0, 0.0, 0.0, 0.0, 1.0),
		new THREE.Matrix4(1.0, 0.0, 0.0, 0.0, 0.0, 1.0, 0.0, 120.0, 0.0, 0.0, 1.0, -20.0, 0.0, 0.0, 0.0, 1.0),
	],
	[
		new THREE.Matrix4(1.0, -0.0, 0.0, 0.0, 0.0, 0.9999857, 0.005342819, 0.0, 0.0, -0.005342819, 0.9999857, 0.0, 0.0, 0.0, 0.0, 1.0),
		new THREE.Matrix4(1.0, 0.0, 0.0, -30.0, 0.0, 0.99948615, -0.03205157, -94.99864, 0.0, 0.03205157, 0.99948615, 0.50756776, 0.0, 0.0, 0.0, 1.0),
		new THREE.Matrix4(1.0, 0.0, 0.0, 30.0, 0.0, 0.9999718, 0.007479911, -94.99864, 0.0, -0.007479911, 0.9999718, 0.50756776, 0.0, 0.0, 0.0, 1.0),
		new THREE.Matrix4(1.0, 0.0, 0.0, -30.0, 0.0, 0.9998879, -0.014959399, -214.93698, 0.0, 0.014959399, 0.9998879, -3.3386207, 0.0, 0.0, 0.0, 1.0),
		new THREE.Matrix4(1.0, 0.0, 0.0, 30.0, 0.0, 0.9997714, 0.021369744, -214.99527, 0.0, -0.021369744, 0.9997714, 1.4051571, 0.0, 0.0, 0.0, 1.0),
		new THREE.Matrix4(1.0, 0.0, 0.0, -30.0, 0.0, 0.9996978, -0.0245746, -334.92352, 0.0, 0.0245746, 0.9996978, -5.1337485, 0.0, 0.0, 0.0, 1.0),
		new THREE.Matrix4(1.0, 0.0, 0.0, 30.0, 0.0, 0.99955225, 0.029915456, -334.96783, 0.0, -0.029915456, 0.99955225, 3.9695263, 0.0, 0.0, 0.0, 1.0),
		new THREE.Matrix4(1.0, -0.0, 0.0, -50.0, 0.0, 0.99955237, 0.029915465, 99.998566, 0.0, -0.029915465, 0.99955237, -0.53428185, 0.0, 0.0, 0.0, 1.0),
		new THREE.Matrix4(1.0, 0.0, 0.0, 50.0, 0.0, 0.9999634, -0.008548444, 99.998566, 0.0, 0.008548444, 0.9999634, -0.53428185, 0.0, 0.0, 0.0, 1.0),
		new THREE.Matrix4(1.0, 0.0, 0.0, -50.0, 0.0, 0.9999308, 0.011753986, -19.947716, 0.0, -0.011753986, 0.9999308, 3.055574, 0.0, 0.0, 0.0, 1.0),
		new THREE.Matrix4(1.0, 0.0, 0.0, 50.0, 0.0, 0.9995197, -0.030983532, -19.99704, 0.0, 0.030983532, 0.9995197, -1.5600952, 0.0, 0.0, 0.0, 1.0),
		new THREE.Matrix4(1.0, 0.0, 0.0, 0.0, 0.0, 0.9999857, 0.005342819, 119.891426, 0.0, -0.005342819, 0.9999857, -20.640852, 0.0, 0.0, 0.0, 1.0),
	],
	[
		new THREE.Matrix4(1.0, -0.0, 0.0, 0.0, 0.0, 0.9999428, 0.010685485, 0.0, 0.0, -0.010685485, 0.9999428, 0.0, 0.0, 0.0, 0.0, 1.0),
		new THREE.Matrix4(1.0, 0.0, 0.0, -30.0, 0.0, 0.9979452, -0.0640702, -94.99457, 0.0, 0.0640702, 0.9979452, 1.0151211, 0.0, 0.0, 0.0, 1.0),
		new THREE.Matrix4(1.0, 0.0, 0.0, 30.0, 0.0, 0.999888, 0.014959406, -94.99457, 0.0, -0.014959406, 0.999888, 1.0151211, 0.0, 0.0, 0.0, 1.0),
		new THREE.Matrix4(1.0, 0.0, 0.0, -30.0, 0.0, 0.99955213, -0.029915448, -214.74799, 0.0, 0.029915448, 0.99955213, -6.673303, 0.0, 0.0, 0.0, 1.0),
		new THREE.Matrix4(1.0, 0.0, 0.0, 30.0, 0.0, 0.99908644, 0.042729735, -214.98112, 0.0, -0.042729735, 0.99908644, 2.8102498, 0.0, 0.0, 0.0, 1.0),
		new THREE.Matrix4(1.0, 0.0, 0.0, -30.0, 0.0, 0.9987918, -0.049134355, -334.69424, 0.0, 0.049134355, 0.9987918, -10.263157, 0.0, 0.0, 0.0, 1.0),
		new THREE.Matrix4(1.0, 0.0, 0.0, 30.0, 0.0, 0.9982098, 0.059804134, -334.8715, 0.0, -0.059804134, 0.9982098, 7.937818, 0.0, 0.0, 0.0, 1.0),
		new THREE.Matrix4(1.0, -0.0, 0.0, -50.0, 0.0, 0.99820995, 0.059804134, 99.99428, 0.0, -0.059804134, 0.99820995, -1.0685484, 0.0, 0.0, 0.0, 1.0),
		new THREE.Matrix4(1.0, 0.0, 0.0, 50.0, 0.0, 0.99985355, -0.017096266, 99.99428, 0.0, 0.017096266, 0.99985355, -1.0685484, 0.0, 0.0, 0.0, 1.0),
		new THREE.Matrix4(1.0, 0.0, 0.0, -50.0, 0.0, 0.99972355, 0.02350634, -19.790916, 0.0, -0.02350634, 0.99972355, 6.1079473, 0.0, 0.0, 0.0, 1.0),
		new THREE.Matrix4(1.0, 0.0, 0.0, 50.0, 0.0, 0.99807984, -0.061937317, -19.988152, 0.0, 0.061937317, 0.99807984, -3.1201003, 0.0, 0.0, 0.0, 1.0),
		new THREE.Matrix4(1.0, 0.0, 0.0, 0.0, 0.0, 0.9999428, 0.010685485, 119.77943, 0.0, -0.010685485, 0.9999428, -21.281115, 0.0, 0.0, 0.0, 1.0),
	],
	[
		new THREE.Matrix4(1.0, -0.0, 0.0, 0.0, 0.0, 0.99987143, 0.016027847, 0.0, 0.0, -0.016027847, 0.99987143, 0.0, 0.0, 0.0, 0.0, 1.0),
		new THREE.Matrix4(1.0, 0.0, 0.0, -30.0, 0.0, 0.9953791, -0.09602301, -94.987785, 0.0, 0.09602301, 0.9953791, 1.5226455, 0.0, 0.0, 0.0, 1.0),
		new THREE.Matrix4(1.0, 0.0, 0.0, 30.0, 0.0, 0.999748, 0.02243806, -94.987785, 0.0, -0.02243806, 0.999748, 1.5226455, 0.0, 0.0, 0.0, 1.0),
		new THREE.Matrix4(1.0, 0.0, 0.0, -30.0, 0.0, 0.998993, -0.044864807, -214.43327, 0.0, 0.044864807, 0.998993, -10.000116, 0.0, 0.0, 0.0, 1.0),
		new THREE.Matrix4(1.0, 0.0, 0.0, 30.0, 0.0, 0.99794513, 0.06407021, -214.95755, 0.0, -0.06407021, 0.99794513, 4.215213, 0.0, 0.0, 0.0, 1.0),
		new THREE.Matrix4(1.0, 0.0, 0.0, -30.0, 0.0, 0.9972829, -0.07366444, -334.31244, 0.0, 0.07366444, 0.9972829, -15.383893, 0.0, 0.0, 0.0, 1.0),
		new THREE.Matrix4(1.0, 0.0, 0.0, 30.0, 0.0, 0.995974, 0.08963929, -334.71097, 0.0, -0.08963929, 0.995974, 11.903638, 0.0, 0.0, 0.0, 1.0),
		new THREE.Matrix4(1.0, -0.0, 0.0, -50.0, 0.0, 0.9959741, 0.089639306, 99.987144, 0.0, -0.089639306, 0.9959741, -1.6027848, 0.0, 0.0, 0.0, 1.0),
		new THREE.Matrix4(1.0, 0.0, 0.0, 50.0, 0.0, 0.99967104, -0.025642838, 99.987144, 0.0, 0.025642838, 0.99967104, -1.6027848, 0.0, 0.0, 0.0, 1.0),
		new THREE.Matrix4(1.0, 0.0, 0.0, -50.0, 0.0, 0.9993781, 0.035255466, -19.529747, 0.0, -0.035255466, 0.9993781, 9.153932, 0.0, 0.0, 0.0, 1.0),
		new THREE.Matrix4(1.0, 0.0, 0.0, 50.0, 0.0, 0.9956817, -0.09283163, -19.973381, 0.0, 0.09283163, 0.9956817, -4.6799254, 0.0, 0.0, 0.0, 1.0),
		new THREE.Matrix4(1.0, 0.0, 0.0, 0.0, 0.0, 0.99987143, 0.016027847, 119.66402, 0.0, -0.016027847, 0.99987143, -21.92077, 0.0, 0.0, 0.0, 1.0),
	],
	[
		new THREE.Matrix4(1.0, -0.0, 0.0, 0.0, 0.0, 0.9997716, 0.021369752, 0.0, 0.0, -0.021369752, 0.9997716, 0.0, 0.0, 0.0, 0.0, 1.0),
		new THREE.Matrix4(1.0, 0.0, 0.0, -30.0, 0.0, 0.99179006, -0.12787713, -94.9783, 0.0, 0.12787713, 0.99179006, 2.0301263, 0.0, 0.0, 0.0, 1.0),
		new THREE.Matrix4(1.0, 0.0, 0.0, 30.0, 0.0, 0.9995524, 0.029915467, -94.9783, 0.0, -0.029915467, 0.9995524, 2.0301263, 0.0, 0.0, 0.0, 1.0),
		new THREE.Matrix4(1.0, 0.0, 0.0, -30.0, 0.0, 0.99821025, -0.059804127, -213.9931, 0.0, 0.059804127, 0.99821025, -13.315129, 0.0, 0.0, 0.0, 1.0),
		new THREE.Matrix4(1.0, 0.0, 0.0, 30.0, 0.0, 0.99634826, 0.085381426, -214.92459, 0.0, -0.085381426, 0.99634826, 5.6199827, 0.0, 0.0, 0.0, 1.0),
		new THREE.Matrix4(1.0, 0.0, 0.0, -30.0, 0.0, 0.9951718, -0.098150045, -333.77832, 0.0, 0.098150045, 0.9951718, -20.491625, 0.0, 0.0, 0.0, 1.0),
		new THREE.Matrix4(1.0, 0.0, 0.0, 30.0, 0.0, 0.9928468, 0.1193942, -334.4864, 0.0, -0.1193942, 0.9928468, 15.865754, 0.0, 0.0, 0.0, 1.0),
		new THREE.Matrix4(1.0, -0.0, 0.0, -50.0, 0.0, 0.9928469, 0.11939421, 99.97716, 0.0, -0.11939421, 0.9928469, -2.136975, 0.0, 0.0, 0.0, 1.0),
		new THREE.Matrix4(1.0, 0.0, 0.0, 50.0, 0.0, 0.9994153, -0.034187533, 99.97716, 0.0, 0.034187533, 0.9994153, -2.136975, 0.0, 0.0, 0.0, 1.0),
		new THREE.Matrix4(1.0, 0.0, 0.0, -50.0, 0.0, 0.99889493, 0.046999708, -19.164474, 0.0, -0.046999708, 0.99889493, 12.1903305, 0.0, 0.0, 0.0, 1.0),
		new THREE.Matrix4(1.0, 0.0, 0.0, 50.0, 0.0, 0.9923272, -0.12363679, -19.952675, 0.0, 0.12363679, 0.9923272, -6.239479, 0.0, 0.0, 0.0, 1.0),
		new THREE.Matrix4(1.0, 0.0, 0.0, 0.0, 0.0, 0.9997716, 0.021369752, 119.5452, 0.0, -0.021369752, 0.9997716, -22.559803, 0.0, 0.0, 0.0, 1.0),
	],
	[
		new THREE.Matrix4(1.0, -0.0, 0.0, 0.0, 0.0, 0.9996432, 0.026711047, 0.0, 0.0, -0.026711047, 0.9996432, 0.0, 0.0, 0.0, 0.0, 1.0),
		new THREE.Matrix4(1.0, 0.0, 0.0, -30.0, 0.0, 0.9871817, -0.15959993, -94.9661, 0.0, 0.15959993, 0.9871817, 2.5375495, 0.0, 0.0, 0.0, 1.0),
		new THREE.Matrix4(1.0, 0.0, 0.0, 30.0, 0.0, 0.99930054, 0.03739119, -94.9661, 0.0, -0.03739119, 0.99930054, 2.5375495, 0.0, 0.0, 0.0, 1.0),
		new THREE.Matrix4(1.0, 0.0, 0.0, -30.0, 0.0, 0.9972037, -0.07473013, -213.42792, 0.0, 0.07473013, 0.9972037, -16.61444, 0.0, 0.0, 0.0, 1.0),
		new THREE.Matrix4(1.0, 0.0, 0.0, 30.0, 0.0, 0.99429613, 0.10665366, -214.88217, 0.0, -0.10665366, 0.99429613, 7.0244923, 0.0, 0.0, 0.0, 1.0),
		new THREE.Matrix4(1.0, 0.0, 0.0, -30.0, 0.0, 0.99245894, -0.122576416, -333.09235, 0.0, 0.122576416, 0.99245894, -25.582056, 0.0, 0.0, 0.0, 1.0),
		new THREE.Matrix4(1.0, 0.0, 0.0, 30.0, 0.0, 0.9888307, 0.14904228, -334.1977, 0.0, -0.14904228, 0.9888307, 19.822931, 0.0, 0.0, 0.0, 1.0),
		new THREE.Matrix4(1.0, -0.0, 0.0, -50.0, 0.0, 0.98883086, 0.14904226, 99.96432, 0.0, -0.14904226, 0.98883086, -2.6711047, 0.0, 0.0, 0.0, 1.0),
		new THREE.Matrix4(1.0, 0.0, 0.0, 50.0, 0.0, 0.99908674, -0.042729758, 99.96432, 0.0, 0.042729758, 0.99908674, -2.6711047, 0.0, 0.0, 0.0, 1.0),
		new THREE.Matrix4(1.0, 0.0, 0.0, -50.0, 0.0, 0.99827343, 0.058737457, -18.695389, 0.0, -0.058737457, 0.99827343, 15.213966, 0.0, 0.0, 0.0, 1.0),
		new THREE.Matrix4(1.0, 0.0, 0.0, 50.0, 0.0, 0.9880205, -0.15432331, -19.926094, 0.0, 0.15432331, 0.9880205, -7.7986755, 0.0, 0.0, 0.0, 1.0),
		new THREE.Matrix4(1.0, 0.0, 0.0, 0.0, 0.0, 0.9996432, 0.026711047, 119.422966, 0.0, -0.026711047, 0.9996432, -23.19819, 0.0, 0.0, 0.0, 1.0),
	],
	[
		new THREE.Matrix4(1.0, -0.0, 0.0, 0.0, 0.0, 0.99948615, 0.03205158, 0.0, 0.0, -0.03205158, 0.99948615, 0.0, 0.0, 0.0, 0.0, 1.0),
		new THREE.Matrix4(1.0, 0.0, 0.0, -30.0, 0.0, 0.981559, -0.1911586, -94.95119, 0.0, 0.1911586, 0.981559, 3.0449, 0.0, 0.0, 0.0, 1.0),
		new THREE.Matrix4(1.0, 0.0, 0.0, 30.0, 0.0, 0.99899286, 0.044864822, -94.95119, 0.0, -0.044864822, 0.99899286, 3.0449, 0.0, 0.0, 0.0, 1.0),
		new THREE.Matrix4(1.0, 0.0, 0.0, -30.0, 0.0, 0.9959742, -0.0896393, -212.73827, 0.0, 0.0896393, 0.9959742, -19.89413, 0.0, 0.0, 0.0, 1.0),
		new THREE.Matrix4(1.0, 0.0, 0.0, 30.0, 0.0, 0.99178976, 0.12787712, -214.83032, 0.0, -0.12787712, 0.99178976, 8.4286785, 0.0, 0.0, 0.0, 1.0),
		new THREE.Matrix4(1.0, 0.0, 0.0, -30.0, 0.0, 0.989147, -0.14692865, -332.25516, 0.0, 0.14692865, 0.989147, -30.650846, 0.0, 0.0, 0.0, 1.0),
		new THREE.Matrix4(1.0, 0.0, 0.0, 30.0, 0.0, 0.9839293, 0.17855683, -333.8451, 0.0, -0.17855683, 0.9839293, 23.773933, 0.0, 0.0, 0.0, 1.0),
		new THREE.Matrix4(1.0, -0.0, 0.0, -50.0, 0.0, 0.9839295, 0.17855689, 99.948616, 0.0, -0.17855689, 0.9839295, -3.2051578, 0.0, 0.0, 0.0, 1.0),
		new THREE.Matrix4(1.0, 0.0, 0.0, 50.0, 0.0, 0.99868476, -0.05126881, 99.948616, 0.0, 0.05126881, 0.99868476, -3.2051578, 0.0, 0.0, 0.0, 1.0),
		new THREE.Matrix4(1.0, 0.0, 0.0, -50.0, 0.0, 0.9975139, 0.070467085, -18.122925, 0.0, -0.070467085, 0.9975139, 18.221668, 0.0, 0.0, 0.0, 1.0),
		new THREE.Matrix4(1.0, 0.0, 0.0, 50.0, 0.0, 0.9827644, -0.18486153, -19.893555, 0.0, 0.18486153, 0.9827644, -9.357414, 0.0, 0.0, 0.0, 1.0),
		new THREE.Matrix4(1.0, 0.0, 0.0, 0.0, 0.0, 0.99948615, 0.03205158, 119.29731, 0.0, -0.03205158, 0.99948615, -23.835913, 0.0, 0.0, 0.0, 1.0),
	],
	[
		new THREE.Matrix4(1.0, -0.0, 0.0, 0.0, 0.0, 0.99930066, 0.037391193, 0.0, 0.0, -0.037391193, 0.99930066, 0.0, 0.0, 0.0, 0.0, 1.0),
		new THREE.Matrix4(1.0, 0.0, 0.0, -30.0, 0.0, 0.9749279, -0.22252093, -94.93356, 0.0, 0.22252093, 0.9749279, 3.5521634, 0.0, 0.0, 0.0, 1.0),
		new THREE.Matrix4(1.0, 0.0, 0.0, 30.0, 0.0, 0.99862945, 0.052335955, -94.93356, 0.0, -0.052335955, 0.99862945, 3.5521634, 0.0, 0.0, 0.0, 1.0),
		new THREE.Matrix4(1.0, 0.0, 0.0, -30.0, 0.0, 0.994522, -0.10452847, -211.92491, 0.0, 0.10452847, 0.994522, -23.150349, 0.0, 0.0, 0.0, 1.0),
		new THREE.Matrix4(1.0, 0.0, 0.0, 30.0, 0.0, 0.9888309, 0.1490423, -214.7691, 0.0, -0.1490423, 0.9888309, 9.832478, 0.0, 0.0, 0.0, 1.0),
		new THREE.Matrix4(1.0, 0.0, 0.0, -30.0, 0.0, 0.9852377, -0.17119221, -331.26755, 0.0, 0.17119221, 0.9852377, -35.693764, 0.0, 0.0, 0.0, 1.0),
		new THREE.Matrix4(1.0, 0.0, 0.0, 30.0, 0.0, 0.9781478, 0.20791176, -333.42883, 0.0, -0.20791176, 0.9781478, 27.717552, 0.0, 0.0, 0.0, 1.0),
		new THREE.Matrix4(1.0, -0.0, 0.0, -50.0, 0.0, 0.9781474, 0.20791167, 99.93007, 0.0, -0.20791167, 0.9781474, -3.7391193, 0.0, 0.0, 0.0, 1.0),
		new THREE.Matrix4(1.0, 0.0, 0.0, 50.0, 0.0, 0.9982102, -0.059804164, 99.93007, 0.0, 0.059804164, 0.9982102, -3.7391193, 0.0, 0.0, 0.0, 1.0),
		new THREE.Matrix4(1.0, 0.0, 0.0, -50.0, 0.0, 0.9966167, 0.08218703, -17.447617, 0.0, -0.08218703, 0.9966167, 21.210281, 0.0, 0.0, 0.0, 1.0),
		new THREE.Matrix4(1.0, 0.0, 0.0, 50.0, 0.0, 0.9765651, -0.21522236, -19.855156, 0.0, 0.21522236, 0.9765651, -10.915619, 0.0, 0.0, 0.0, 1.0),
		new THREE.Matrix4(1.0, 0.0, 0.0, 0.0, 0.0, 0.99930066, 0.037391193, 119.16825, 0.0, -0.037391193, 0.99930066, -24.472958, 0.0, 0.0, 0.0, 1.0),
	],
	[
		new THREE.Matrix4(1.0, -0.0, 0.0, 0.0, 0.0, 0.9990867, 0.04272974, 0.0, 0.0, -0.04272974, 0.9990867, 0.0, 0.0, 0.0, 0.0, 1.0),
		new THREE.Matrix4(1.0, 0.0, 0.0, -30.0, 0.0, 0.9672949, -0.25365454, -94.91323, 0.0, 0.25365454, 0.9672949, 4.059325, 0.0, 0.0, 0.0, 1.0),
		new THREE.Matrix4(1.0, 0.0, 0.0, 30.0, 0.0, 0.99821, 0.05980414, -94.91323, 0.0, -0.05980414, 0.99821, 4.059325, 0.0, 0.0, 0.0, 1.0),
		new THREE.Matrix4(1.0, 0.0, 0.0, -30.0, 0.0, 0.99284697, -0.11939417, -210.98862, 0.0, 0.11939417, 0.99284697, -26.37922, 0.0, 0.0, 0.0, 1.0),
		new THREE.Matrix4(1.0, 0.0, 0.0, 30.0, 0.0, 0.98541987, 0.17013927, -214.69843, 0.0, -0.17013927, 0.98541987, 11.235823, 0.0, 0.0, 0.0, 1.0),
		new THREE.Matrix4(1.0, 0.0, 0.0, -30.0, 0.0, 0.9807331, -0.19535226, -330.13025, 0.0, 0.19535226, 0.9807331, -40.70652, 0.0, 0.0, 0.0, 1.0),
		new THREE.Matrix4(1.0, 0.0, 0.0, 30.0, 0.0, 0.97148997, 0.23708035, -332.9488, 0.0, -0.23708035, 0.97148997, 31.652534, 0.0, 0.0, 0.0, 1.0),
		new THREE.Matrix4(1.0, -0.0, 0.0, -50.0, 0.0, 0.97149, 0.23708037, 99.90867, 0.0, -0.23708037, 0.97149, -4.272974, 0.0, 0.0, 0.0, 1.0),
		new THREE.Matrix4(1.0, 0.0, 0.0, 50.0, 0.0, 0.9976624, -0.068335116, 99.90867, 0.0, 0.068335116, 0.9976624, -4.272974, 0.0, 0.0, 0.0, 1.0),
		new THREE.Matrix4(1.0, 0.0, 0.0, -50.0, 0.0, 0.995582, 0.093895525, -16.670135, 0.0, -0.093895525, 0.995582, 24.17667, 0.0, 0.0, 0.0, 1.0),
		new THREE.Matrix4(1.0, 0.0, 0.0, 50.0, 0.0, 0.9694279, -0.24537644, -19.810822, 0.0, 0.24537644, 0.9694279, -12.473188, 0.0, 0.0, 0.0, 1.0),
		new THREE.Matrix4(1.0, 0.0, 0.0, 0.0, 0.0, 0.9990867, 0.04272974, 119.03581, 0.0, -0.04272974, 0.9990867, -25.109303, 0.0, 0.0, 0.0, 1.0),
	],
	[
		new THREE.Matrix4(1.0, -0.0, 0.0, 0.0, 0.0, 0.9988441, 0.048067078, 0.0, 0.0, -0.048067078, 0.9988441, 0.0, 0.0, 0.0, 0.0, 1.0),
		new THREE.Matrix4(1.0, 0.0, 0.0, -30.0, 0.0, 0.95866776, -0.28452757, -94.89019, 0.0, 0.28452757, 0.95866776, 4.5663724, 0.0, 0.0, 0.0, 1.0),
		new THREE.Matrix4(1.0, 0.0, 0.0, 30.0, 0.0, 0.99773484, 0.06726901, -94.89019, 0.0, -0.06726901, 0.99773484, 4.5663724, 0.0, 0.0, 0.0, 1.0),
		new THREE.Matrix4(1.0, 0.0, 0.0, -30.0, 0.0, 0.9909496, -0.13423324, -209.93033, 0.0, 0.13423324, 0.9909496, -29.576935, 0.0, 0.0, 0.0, 1.0),
		new THREE.Matrix4(1.0, 0.0, 0.0, 30.0, 0.0, 0.9815591, 0.19115862, -214.61838, 0.0, -0.19115862, 0.9815591, 12.638655, 0.0, 0.0, 0.0, 1.0),
		new THREE.Matrix4(1.0, 0.0, 0.0, -30.0, 0.0, 0.9756361, -0.21939445, -328.84427, 0.0, 0.21939445, 0.9756361, -45.68492, 0.0, 0.0, 0.0, 1.0),
		new THREE.Matrix4(1.0, 0.0, 0.0, 30.0, 0.0, 0.96396273, 0.2660368, -332.40546, 0.0, -0.2660368, 0.96396273, 35.57769, 0.0, 0.0, 0.0, 1.0),
		new THREE.Matrix4(1.0, -0.0, 0.0, -50.0, 0.0, 0.96396285, 0.26603684, 99.88441, 0.0, -0.26603684, 0.96396285, -4.806708, 0.0, 0.0, 0.0, 1.0),
		new THREE.Matrix4(1.0, 0.0, 0.0, 50.0, 0.0, 0.99704176, -0.07686107, 99.88441, 0.0, 0.07686107, 0.99704176, -4.806708, 0.0, 0.0, 0.0, 1.0),
		new THREE.Matrix4(1.0, 0.0, 0.0, -50.0, 0.0, 0.9944097, 0.10559112, -15.791138, 0.0, -0.10559112, 0.9944097, 27.117714, 0.0, 0.0, 0.0, 1.0),
		new THREE.Matrix4(1.0, 0.0, 0.0, 50.0, 0.0, 0.9613597, -0.2752949, -19.760605, 0.0, 0.2752949, 0.9613597, -14.030037, 0.0, 0.0, 0.0, 1.0),
		new THREE.Matrix4(1.0, 0.0, 0.0, 0.0, 0.0, 0.9988441, 0.048067078, 118.89995, 0.0, -0.048067078, 0.9988441, -25.74493, 0.0, 0.0, 0.0, 1.0),
	],
	[
		new THREE.Matrix4(1.0, -0.0, 0.0, 0.0, 0.0, 0.99857295, 0.053403035, 0.0, 0.0, -0.053403035, 0.99857295, 0.0, 0.0, 0.0, 0.0, 1.0),
		new THREE.Matrix4(1.0, 0.0, 0.0, -30.0, 0.0, 0.9490555, -0.3151082, -94.86443, 0.0, 0.3151082, 0.9490555, 5.0732884, 0.0, 0.0, 0.0, 1.0),
		new THREE.Matrix4(1.0, 0.0, 0.0, 30.0, 0.0, 0.99720365, 0.0747301, -94.86443, 0.0, -0.0747301, 0.99720365, 5.0732884, 0.0, 0.0, 0.0, 1.0),
		new THREE.Matrix4(1.0, 0.0, 0.0, -30.0, 0.0, 0.98883057, -0.1490423, -208.7511, 0.0, 0.1490423, 0.98883057, -32.739697, 0.0, 0.0, 0.0, 1.0),
		new THREE.Matrix4(1.0, 0.0, 0.0, 30.0, 0.0, 0.9772498, 0.21209064, -214.52887, 0.0, -0.21209064, 0.9772498, 14.040899, 0.0, 0.0, 0.0, 1.0),
		new THREE.Matrix4(1.0, 0.0, 0.0, -30.0, 0.0, 0.9699498, -0.24330407, -327.41077, 0.0, 0.24330407, 0.9699498, -50.62477, 0.0, 0.0, 0.0, 1.0),
		new THREE.Matrix4(1.0, 0.0, 0.0, 30.0, 0.0, 0.9555726, 0.29475516, -331.79883, 0.0, -0.29475516, 0.9555726, 39.491776, 0.0, 0.0, 0.0, 1.0),
		new THREE.Matrix4(1.0, -0.0, 0.0, -50.0, 0.0, 0.95557284, 0.29475516, 99.85729, 0.0, -0.29475516, 0.95557284, -5.3403034, 0.0, 0.0, 0.0, 1.0),
		new THREE.Matrix4(1.0, 0.0, 0.0, 50.0, 0.0, 0.99634826, -0.08538143, 99.85729, 0.0, 0.08538143, 0.99634826, -5.3403034, 0.0, 0.0, 0.0, 1.0),
		new THREE.Matrix4(1.0, 0.0, 0.0, -50.0, 0.0, 0.9930998, 0.117272094, -14.811447, 0.0, -0.117272094, 0.9930998, 30.030317, 0.0, 0.0, 0.0, 1.0),
		new THREE.Matrix4(1.0, 0.0, 0.0, 50.0, 0.0, 0.95236844, -0.30494905, -19.704498, 0.0, 0.30494905, 0.95236844, -15.586076, 0.0, 0.0, 0.0, 1.0),
		new THREE.Matrix4(1.0, 0.0, 0.0, 0.0, 0.0, 0.99857295, 0.053403035, 118.76069, 0.0, -0.053403035, 0.99857295, -26.379822, 0.0, 0.0, 0.0, 1.0),
	],
	[
		new THREE.Matrix4(1.0, -0.0, 0.0, 0.0, 0.0, 0.9982735, 0.058737464, 0.0, 0.0, -0.058737464, 0.9982735, 0.0, 0.0, 0.0, 0.0, 1.0),
		new THREE.Matrix4(1.0, 0.0, 0.0, -30.0, 0.0, 0.9384684, -0.34536505, -94.83598, 0.0, 0.34536505, 0.9384684, 5.580059, 0.0, 0.0, 0.0, 1.0),
		new THREE.Matrix4(1.0, 0.0, 0.0, 30.0, 0.0, 0.996617, 0.08218701, -94.83598, 0.0, -0.08218701, 0.996617, 5.580059, 0.0, 0.0, 0.0, 1.0),
		new THREE.Matrix4(1.0, 0.0, 0.0, -30.0, 0.0, 0.98649067, -0.16381791, -207.4522, 0.0, 0.16381791, 0.98649067, -35.863747, 0.0, 0.0, 0.0, 1.0),
		new THREE.Matrix4(1.0, 0.0, 0.0, 30.0, 0.0, 0.9724945, 0.23292583, -214.43002, 0.0, -0.23292583, 0.9724945, 15.4425, 0.0, 0.0, 0.0, 1.0),
		new THREE.Matrix4(1.0, 0.0, 0.0, -30.0, 0.0, 0.96367806, -0.26706675, -325.8311, 0.0, 0.26706675, 0.96367806, -55.521896, 0.0, 0.0, 0.0, 1.0),
		new THREE.Matrix4(1.0, 0.0, 0.0, 30.0, 0.0, 0.9463274, 0.32320967, -331.12936, 0.0, -0.32320967, 0.9463274, 43.3936, 0.0, 0.0, 0.0, 1.0),
		new THREE.Matrix4(1.0, -0.0, 0.0, -50.0, 0.0, 0.9463274, 0.32320964, 99.82735, 0.0, -0.32320964, 0.9463274, -5.8737464, 0.0, 0.0, 0.0, 1.0),
		new THREE.Matrix4(1.0, 0.0, 0.0, 50.0, 0.0, 0.99558204, -0.093895555, 99.82735, 0.0, 0.093895555, 0.99558204, -5.8737464, 0.0, 0.0, 0.0, 1.0),
		new THREE.Matrix4(1.0, 0.0, 0.0, -50.0, 0.0, 0.9916528, 0.12893687, -13.731941, 0.0, -0.12893687, 0.9916528, 32.91141, 0.0, 0.0, 0.0, 1.0),
		new THREE.Matrix4(1.0, 0.0, 0.0, 50.0, 0.0, 0.942463, -0.33431044, -19.642502, 0.0, 0.33431044, 0.942463, -17.141212, 0.0, 0.0, 0.0, 1.0),
		new THREE.Matrix4(1.0, 0.0, 0.0, 0.0, 0.0, 0.9982735, 0.058737464, 118.618065, 0.0, -0.058737464, 0.9982735, -27.013966, 0.0, 0.0, 0.0, 1.0),
	],
	[
		new THREE.Matrix4(1.0, -0.0, 0.0, 0.0, 0.0, 0.99794537, 0.064070225, 0.0, 0.0, -0.064070225, 0.99794537, 0.0, 0.0, 0.0, 0.0, 1.0),
		new THREE.Matrix4(1.0, 0.0, 0.0, -30.0, 0.0, 0.92691684, -0.37526703, -94.80481, 0.0, 0.37526703, 0.92691684, 6.0866714, 0.0, 0.0, 0.0, 1.0),
		new THREE.Matrix4(1.0, 0.0, 0.0, 30.0, 0.0, 0.99597424, 0.08963931, -94.80481, 0.0, -0.08963931, 0.99597424, 6.0866714, 0.0, 0.0, 0.0, 1.0),
		new THREE.Matrix4(1.0, 0.0, 0.0, -30.0, 0.0, 0.9839297, -0.17855693, -206.03482, 0.0, 0.17855693, 0.9839297, -38.945374, 0.0, 0.0, 0.0, 1.0),
		new THREE.Matrix4(1.0, 0.0, 0.0, 30.0, 0.0, 0.9672949, 0.2536546, -214.32172, 0.0, -0.2536546, 0.9672949, 16.84339, 0.0, 0.0, 0.0, 1.0),
		new THREE.Matrix4(1.0, 0.0, 0.0, -30.0, 0.0, 0.95682406, -0.2906682, -324.10638, 0.0, 0.2906682, 0.95682406, -60.372208, 0.0, 0.0, 0.0, 1.0),
		new THREE.Matrix4(1.0, 0.0, 0.0, 30.0, 0.0, 0.93623495, 0.35137486, -330.3971, 0.0, -0.35137486, 0.93623495, 47.281944, 0.0, 0.0, 0.0, 1.0),
		new THREE.Matrix4(1.0, -0.0, 0.0, -50.0, 0.0, 0.9362348, 0.35137483, 99.79454, 0.0, -0.35137483, 0.9362348, -6.4070225, 0.0, 0.0, 0.0, 1.0),
		new THREE.Matrix4(1.0, 0.0, 0.0, 50.0, 0.0, 0.9947431, -0.102402784, 99.79454, 0.0, 0.102402784, 0.9947431, -6.4070225, 0.0, 0.0, 0.0, 1.0),
		new THREE.Matrix4(1.0, 0.0, 0.0, -50.0, 0.0, 0.9900687, 0.14058387, -12.553635, 0.0, -0.14058387, 0.9900687, 35.757957, 0.0, 0.0, 0.0, 1.0),
		new THREE.Matrix4(1.0, 0.0, 0.0, 50.0, 0.0, 0.93165255, -0.3633508, -19.57463, 0.0, 0.3633508, 0.93165255, -18.695356, 0.0, 0.0, 0.0, 1.0),
		new THREE.Matrix4(1.0, 0.0, 0.0, 0.0, 0.0, 0.99794537, 0.064070225, 118.47204, 0.0, -0.064070225, 0.99794537, -27.647335, 0.0, 0.0, 0.0, 1.0),
	],
	[
		new THREE.Matrix4(1.0, -0.0, 0.0, 0.0, 0.0, 0.99758893, 0.069401145, 0.0, 0.0, -0.069401145, 0.99758893, 0.0, 0.0, 0.0, 0.0, 1.0),
		new THREE.Matrix4(1.0, 0.0, 0.0, -30.0, 0.0, 0.91441274, -0.4047834, -94.77095, 0.0, 0.4047834, 0.91441274, 6.5931087, 0.0, 0.0, 0.0, 1.0),
		new THREE.Matrix4(1.0, 0.0, 0.0, 30.0, 0.0, 0.9952759, 0.09708659, -94.77095, 0.0, -0.09708659, 0.9952759, 6.5931087, 0.0, 0.0, 0.0, 1.0),
		new THREE.Matrix4(1.0, 0.0, 0.0, -30.0, 0.0, 0.98114836, -0.1932559, -204.50049, 0.0, 0.1932559, 0.98114836, -41.9809, 0.0, 0.0, 0.0, 1.0),
		new THREE.Matrix4(1.0, 0.0, 0.0, 30.0, 0.0, 0.96165335, 0.27426746, -214.20407, 0.0, -0.27426746, 0.96165335, 18.2435, 0.0, 0.0, 0.0, 1.0),
		new THREE.Matrix4(1.0, 0.0, 0.0, -30.0, 0.0, 0.9493919, -0.31409386, -322.23828, 0.0, 0.31409386, 0.9493919, -65.17161, 0.0, 0.0, 0.0, 1.0),
		new THREE.Matrix4(1.0, 0.0, 0.0, 30.0, 0.0, 0.92530423, 0.3792254, -329.60248, 0.0, -0.3792254, 0.92530423, 51.155594, 0.0, 0.0, 0.0, 1.0),
		new THREE.Matrix4(1.0, -0.0, 0.0, -50.0, 0.0, 0.9253044, 0.37922546, 99.758896, 0.0, -0.37922546, 0.9253044, -6.9401145, 0.0, 0.0, 0.0, 1.0),
		new THREE.Matrix4(1.0, 0.0, 0.0, 50.0, 0.0, 0.9938313, -0.11090257, 99.758896, 0.0, 0.11090257, 0.9938313, -6.9401145, 0.0, 0.0, 0.0, 1.0),
		new THREE.Matrix4(1.0, 0.0, 0.0, -50.0, 0.0, 0.9883481, 0.15221137, -11.277634, 0.0, -0.15221137, 0.9883481, 38.566944, 0.0, 0.0, 0.0, 1.0),
		new THREE.Matrix4(1.0, 0.0, 0.0, 50.0, 0.0, 0.9199471, -0.39204216, -19.500854, 0.0, 0.39204216, 0.9199471, -20.248423, 0.0, 0.0, 0.0, 1.0),
		new THREE.Matrix4(1.0, 0.0, 0.0, 0.0, 0.0, 0.99758893, 0.069401145, 118.32265, 0.0, -0.069401145, 0.99758893, -28.279915, 0.0, 0.0, 0.0, 1.0),
	],
	[
		new THREE.Matrix4(1.0, -0.0, 0.0, 0.0, 0.0, 0.9972037, 0.07473009, 0.0, 0.0, -0.07473009, 0.9972037, 0.0, 0.0, 0.0, 0.0, 1.0),
		new THREE.Matrix4(1.0, 0.0, 0.0, -30.0, 0.0, 0.9009687, -0.43388364, -94.73435, 0.0, 0.43388364, 0.9009687, 7.0993586, 0.0, 0.0, 0.0, 1.0),
		new THREE.Matrix4(1.0, 0.0, 0.0, 30.0, 0.0, 0.9945217, 0.10452845, -94.73435, 0.0, -0.10452845, 0.9945217, 7.0993586, 0.0, 0.0, 0.0, 1.0),
		new THREE.Matrix4(1.0, 0.0, 0.0, -30.0, 0.0, 0.9781475, -0.20791166, -202.85059, 0.0, 0.20791166, 0.9781475, -44.96668, 0.0, 0.0, 0.0, 1.0),
		new THREE.Matrix4(1.0, 0.0, 0.0, 30.0, 0.0, 0.95557255, 0.2947551, -214.07695, 0.0, -0.2947551, 0.95557255, 19.642773, 0.0, 0.0, 0.0, 1.0),
		new THREE.Matrix4(1.0, 0.0, 0.0, -30.0, 0.0, 0.9413863, -0.33732992, -320.22827, 0.0, 0.33732992, 0.9413863, -69.91608, 0.0, 0.0, 0.0, 1.0),
		new THREE.Matrix4(1.0, 0.0, 0.0, 30.0, 0.0, 0.9135453, 0.4067366, -328.74567, 0.0, -0.4067366, 0.9135453, 55.013386, 0.0, 0.0, 0.0, 1.0),
		new THREE.Matrix4(1.0, -0.0, 0.0, -50.0, 0.0, 0.91354537, 0.4067366, 99.72037, 0.0, -0.4067366, 0.91354537, -7.473009, 0.0, 0.0, 0.0, 1.0),
		new THREE.Matrix4(1.0, 0.0, 0.0, 50.0, 0.0, 0.9928467, -0.119394206, 99.72037, 0.0, 0.119394206, 0.9928467, -7.473009, 0.0, 0.0, 0.0, 1.0),
		new THREE.Matrix4(1.0, 0.0, 0.0, -50.0, 0.0, 0.9864904, 0.16381785, -9.905075, 0.0, -0.16381785, 0.9864904, 41.33539, 0.0, 0.0, 0.0, 1.0),
		new THREE.Matrix4(1.0, 0.0, 0.0, 50.0, 0.0, 0.9073585, -0.42035717, -19.421242, 0.0, 0.42035717, 0.9073585, -21.800314, 0.0, 0.0, 0.0, 1.0),
		new THREE.Matrix4(1.0, 0.0, 0.0, 0.0, 0.0, 0.9972037, 0.07473009, 118.169846, 0.0, -0.07473009, 0.9972037, -28.911686, 0.0, 0.0, 0.0, 1.0),
	],
	[
		new THREE.Matrix4(1.0, -0.0, 0.0, 0.0, 0.0, 0.99679035, 0.080056906, 0.0, 0.0, -0.080056906, 0.99679035, 0.0, 0.0, 0.0, 0.0, 1.0),
		new THREE.Matrix4(1.0, 0.0, 0.0, -30.0, 0.0, 0.8865993, -0.46253842, -94.69508, 0.0, 0.46253842, 0.8865993, 7.605406, 0.0, 0.0, 0.0, 1.0),
		new THREE.Matrix4(1.0, 0.0, 0.0, 30.0, 0.0, 0.9937122, 0.11196448, -94.69508, 0.0, -0.11196448, 0.9937122, 7.605406, 0.0, 0.0, 0.0, 1.0),
		new THREE.Matrix4(1.0, 0.0, 0.0, -30.0, 0.0, 0.9749279, -0.222521, -201.087, 0.0, 0.222521, 0.9749279, -47.899208, 0.0, 0.0, 0.0, 1.0),
		new THREE.Matrix4(1.0, 0.0, 0.0, 30.0, 0.0, 0.9490557, 0.31510818, -213.94055, 0.0, -0.31510818, 0.9490557, 21.041143, 0.0, 0.0, 0.0, 1.0),
		new THREE.Matrix4(1.0, 0.0, 0.0, -30.0, 0.0, 0.93281233, -0.36036235, -318.07837, 0.0, 0.36036235, 0.93281233, -74.60173, 0.0, 0.0, 0.0, 1.0),
		new THREE.Matrix4(1.0, 0.0, 0.0, 30.0, 0.0, 0.90096885, 0.43388373, -327.82724, 0.0, -0.43388373, 0.90096885, 58.854126, 0.0, 0.0, 0.0, 1.0),
		new THREE.Matrix4(1.0, -0.0, 0.0, -50.0, 0.0, 0.90096885, 0.43388376, 99.67903, 0.0, -0.43388376, 0.90096885, -8.005691, 0.0, 0.0, 0.0, 1.0),
		new THREE.Matrix4(1.0, 0.0, 0.0, 50.0, 0.0, 0.99179006, -0.12787715, 99.67903, 0.0, 0.12787715, 0.99179006, -8.005691, 0.0, 0.0, 0.0, 1.0),
		new THREE.Matrix4(1.0, 0.0, 0.0, -50.0, 0.0, 0.9844969, 0.17540179, -8.437233, 0.0, -0.17540179, 0.9844969, 44.06036, 0.0, 0.0, 0.0, 1.0),
		new THREE.Matrix4(1.0, 0.0, 0.0, 50.0, 0.0, 0.8938989, -0.4482686, -19.335777, 0.0, 0.4482686, 0.8938989, -23.350948, 0.0, 0.0, 0.0, 1.0),
		new THREE.Matrix4(1.0, 0.0, 0.0, 0.0, 0.0, 0.99679035, 0.080056906, 118.01371, 0.0, -0.080056906, 0.99679035, -29.542635, 0.0, 0.0, 0.0, 1.0),
	],
	[
		new THREE.Matrix4(1.0, -0.0, 0.0, 0.0, 0.0, 0.9963483, 0.08538143, 0.0, 0.0, -0.08538143, 0.9963483, 0.0, 0.0, 0.0, 0.0, 1.0),
		new THREE.Matrix4(1.0, 0.0, 0.0, -30.0, 0.0, 0.8713188, -0.4907175, -94.65309, 0.0, 0.4907175, 0.8713188, 8.111237, 0.0, 0.0, 0.0, 1.0),
		new THREE.Matrix4(1.0, 0.0, 0.0, 30.0, 0.0, 0.99284685, 0.11939421, -94.65309, 0.0, -0.11939421, 0.99284685, 8.111237, 0.0, 0.0, 0.0, 1.0),
		new THREE.Matrix4(1.0, 0.0, 0.0, -30.0, 0.0, 0.97149014, -0.23708029, -199.21135, 0.0, 0.23708029, 0.97149014, -50.774864, 0.0, 0.0, 0.0, 1.0),
		new THREE.Matrix4(1.0, 0.0, 0.0, 30.0, 0.0, 0.942105, 0.33531728, -213.79471, 0.0, -0.33531728, 0.942105, 22.438541, 0.0, 0.0, 0.0, 1.0),
		new THREE.Matrix4(1.0, 0.0, 0.0, -30.0, 0.0, 0.923675, -0.38317692, -315.79016, 0.0, 0.38317692, 0.923675, -79.2245, 0.0, 0.0, 0.0, 1.0),
		new THREE.Matrix4(1.0, 0.0, 0.0, 30.0, 0.0, 0.8875856, 0.46064234, -326.8473, 0.0, -0.46064234, 0.8875856, 62.676617, 0.0, 0.0, 0.0, 1.0),
		new THREE.Matrix4(1.0, -0.0, 0.0, -50.0, 0.0, 0.8875857, 0.46064237, 99.634834, 0.0, -0.46064237, 0.8875857, -8.538143, 0.0, 0.0, 0.0, 1.0),
		new THREE.Matrix4(1.0, 0.0, 0.0, 50.0, 0.0, 0.9906605, -0.13635075, 99.634834, 0.0, 0.13635075, 0.9906605, -8.538143, 0.0, 0.0, 0.0, 1.0),
		new THREE.Matrix4(1.0, 0.0, 0.0, -50.0, 0.0, 0.98236716, 0.18696141, -6.87545, 0.0, -0.18696141, 0.98236716, 46.73894, 0.0, 0.0, 0.0, 1.0),
		new THREE.Matrix4(1.0, 0.0, 0.0, 50.0, 0.0, 0.87958056, -0.47574943, -19.244423, 0.0, 0.47574943, 0.87958056, -24.900234, 0.0, 0.0, 0.0, 1.0),
		new THREE.Matrix4(1.0, 0.0, 0.0, 0.0, 0.0, 0.9963483, 0.08538143, 117.85417, 0.0, -0.08538143, 0.9963483, -30.172737, 0.0, 0.0, 0.0, 1.0),
	],
	[
		new THREE.Matrix4(1.0, -0.0, 0.0, 0.0, 0.0, 0.9958779, 0.09070353, 0.0, 0.0, -0.09070353, 0.9958779, 0.0, 0.0, 0.0, 0.0, 1.0),
		new THREE.Matrix4(1.0, 0.0, 0.0, -30.0, 0.0, 0.8551426, -0.5183925, -94.608406, 0.0, 0.5183925, 0.8551426, 8.616836, 0.0, 0.0, 0.0, 1.0),
		new THREE.Matrix4(1.0, 0.0, 0.0, 30.0, 0.0, 0.99192613, 0.12681732, -94.608406, 0.0, -0.12681732, 0.99192613, 8.616836, 0.0, 0.0, 0.0, 1.0),
		new THREE.Matrix4(1.0, 0.0, 0.0, -30.0, 0.0, 0.96783465, -0.25158674, -197.22552, 0.0, 0.25158674, 0.96783465, -53.590263, 0.0, 0.0, 0.0, 1.0),
		new THREE.Matrix4(1.0, 0.0, 0.0, 30.0, 0.0, 0.93472457, 0.35537338, -213.63954, 0.0, -0.35537338, 0.93472457, 23.834913, 0.0, 0.0, 0.0, 1.0),
		new THREE.Matrix4(1.0, 0.0, 0.0, -30.0, 0.0, 0.91397953, -0.40576023, -313.3657, 0.0, 0.40576023, 0.91397953, -83.78067, 0.0, 0.0, 0.0, 1.0),
		new THREE.Matrix4(1.0, 0.0, 0.0, 30.0, 0.0, 0.87340826, 0.4869889, -325.8065, 0.0, -0.4869889, 0.87340826, 66.47972, 0.0, 0.0, 0.0, 1.0),
		new THREE.Matrix4(1.0, -0.0, 0.0, -50.0, 0.0, 0.8734082, 0.48698887, 99.58779, 0.0, -0.48698887, 0.8734082, -9.0703535, 0.0, 0.0, 0.0, 1.0),
		new THREE.Matrix4(1.0, 0.0, 0.0, 50.0, 0.0, 0.98945886, -0.1448144, 99.58779, 0.0, 0.1448144, 0.98945886, -9.0703535, 0.0, 0.0, 0.0, 1.0),
		new THREE.Matrix4(1.0, 0.0, 0.0, -50.0, 0.0, 0.98010176, 0.19849527, -5.2211914, 0.0, -0.19849527, 0.98010176, 49.36831, 0.0, 0.0, 0.0, 1.0),
		new THREE.Matrix4(1.0, 0.0, 0.0, 50.0, 0.0, 0.8644181, -0.50277364, -19.14727, 0.0, 0.50277364, 0.8644181, -26.448082, 0.0, 0.0, 0.0, 1.0),
		new THREE.Matrix4(1.0, 0.0, 0.0, 0.0, 0.0, 0.9958779, 0.09070353, 117.69128, 0.0, -0.09070353, 0.9958779, -30.801983, 0.0, 0.0, 0.0, 1.0),
	],
	[
		new THREE.Matrix4(1.0, -0.0, 0.0, 0.0, 0.0, 0.9953791, 0.09602302, 0.0, 0.0, -0.09602302, 0.9953791, 0.0, 0.0, 0.0, 0.0, 1.0),
		new THREE.Matrix4(1.0, 0.0, 0.0, -30.0, 0.0, 0.83808804, -0.54553485, -94.56101, 0.0, 0.54553485, 0.83808804, 9.122188, 0.0, 0.0, 0.0, 1.0),
		new THREE.Matrix4(1.0, 0.0, 0.0, 30.0, 0.0, 0.9909498, 0.13423327, -94.56101, 0.0, -0.13423327, 0.9909498, 9.122188, 0.0, 0.0, 0.0, 1.0),
		new THREE.Matrix4(1.0, 0.0, 0.0, -30.0, 0.0, 0.9639629, -0.2660369, -195.13158, 0.0, 0.2660369, 0.9639629, -56.34199, 0.0, 0.0, 0.0, 1.0),
		new THREE.Matrix4(1.0, 0.0, 0.0, 30.0, 0.0, 0.9269167, 0.37526697, -213.47499, 0.0, -0.37526697, 0.9269167, 25.230179, 0.0, 0.0, 0.0, 1.0),
		new THREE.Matrix4(1.0, 0.0, 0.0, -30.0, 0.0, 0.9037321, -0.42809844, -310.80713, 0.0, 0.42809844, 0.9037321, -88.26642, 0.0, 0.0, 0.0, 1.0),
		new THREE.Matrix4(1.0, 0.0, 0.0, 30.0, 0.0, 0.8584487, 0.5128992, -324.705, 0.0, -0.5128992, 0.8584487, 70.262215, 0.0, 0.0, 0.0, 1.0),
		new THREE.Matrix4(1.0, -0.0, 0.0, -50.0, 0.0, 0.8584487, 0.51289916, 99.53791, 0.0, -0.51289916, 0.8584487, -9.602303, 0.0, 0.0, 0.0, 1.0),
		new THREE.Matrix4(1.0, 0.0, 0.0, 50.0, 0.0, 0.98818463, -0.15326741, 99.53791, 0.0, 0.15326741, 0.98818463, -9.602303, 0.0, 0.0, 0.0, 1.0),
		new THREE.Matrix4(1.0, 0.0, 0.0, -50.0, 0.0, 0.97770095, 0.21000156, -3.4759293, 0.0, -0.21000156, 0.97770095, 51.945595, 0.0, 0.0, 0.0, 1.0),
		new THREE.Matrix4(1.0, 0.0, 0.0, 50.0, 0.0, 0.84842527, -0.52931494, -19.044243, 0.0, 0.52931494, 0.84842527, -27.994392, 0.0, 0.0, 0.0, 1.0),
		new THREE.Matrix4(1.0, 0.0, 0.0, 0.0, 0.0, 0.9953791, 0.09602302, 117.525024, 0.0, -0.09602302, 0.9953791, -31.430344, 0.0, 0.0, 0.0, 1.0),
	],
	[
		new THREE.Matrix4(1.0, -0.0, 0.0, 0.0, 0.0, 0.9948518, 0.10133979, 0.0, 0.0, -0.10133979, 0.9948518, 0.0, 0.0, 0.0, 0.0, 1.0),
		new THREE.Matrix4(1.0, 0.0, 0.0, -30.0, 0.0, 0.82017225, -0.5721166, -94.510925, 0.0, 0.5721166, 0.82017225, 9.62728, 0.0, 0.0, 0.0, 1.0),
		new THREE.Matrix4(1.0, 0.0, 0.0, 30.0, 0.0, 0.98991793, 0.14164174, -94.510925, 0.0, -0.14164174, 0.98991793, 9.62728, 0.0, 0.0, 0.0, 1.0),
		new THREE.Matrix4(1.0, 0.0, 0.0, -30.0, 0.0, 0.9598751, -0.28042734, -192.9316, 0.0, 0.28042734, 0.9598751, -59.02671, 0.0, 0.0, 0.0, 1.0),
		new THREE.Matrix4(1.0, 0.0, 0.0, 30.0, 0.0, 0.91868573, 0.3949893, -213.30109, 0.0, -0.3949893, 0.91868573, 26.62429, 0.0, 0.0, 0.0, 1.0),
		new THREE.Matrix4(1.0, 0.0, 0.0, -30.0, 0.0, 0.89293873, -0.45017785, -308.1166, 0.0, 0.45017785, 0.89293873, -92.67799, 0.0, 0.0, 0.0, 1.0),
		new THREE.Matrix4(1.0, 0.0, 0.0, 30.0, 0.0, 0.8427209, 0.5383506, -323.54337, 0.0, -0.5383506, 0.8427209, 74.02301, 0.0, 0.0, 0.0, 1.0),
		new THREE.Matrix4(1.0, -0.0, 0.0, -50.0, 0.0, 0.84272087, 0.5383506, 99.48518, 0.0, -0.5383506, 0.84272087, -10.133979, 0.0, 0.0, 0.0, 1.0),
		new THREE.Matrix4(1.0, 0.0, 0.0, 50.0, 0.0, 0.98683846, -0.16170928, 99.48518, 0.0, 0.16170928, 0.98683846, -10.133979, 0.0, 0.0, 0.0, 1.0),
		new THREE.Matrix4(1.0, 0.0, 0.0, -50.0, 0.0, 0.975165, 0.22147903, -1.6413193, 0.0, -0.22147903, 0.975165, 54.468086, 0.0, 0.0, 0.0, 1.0),
		new THREE.Matrix4(1.0, 0.0, 0.0, 50.0, 0.0, 0.831618, -0.5553481, -18.935432, 0.0, 0.5553481, 0.831618, -29.539093, 0.0, 0.0, 0.0, 1.0),
		new THREE.Matrix4(1.0, 0.0, 0.0, 0.0, 0.0, 0.9948518, 0.10133979, 117.35542, 0.0, -0.10133979, 0.9948518, -32.05781, 0.0, 0.0, 0.0, 1.0),
	],
	[
		new THREE.Matrix4(1.0, -0.0, 0.0, 0.0, 0.0, 0.9942964, 0.10665366, 0.0, 0.0, -0.10665366, 0.9942964, 0.0, 0.0, 0.0, 0.0, 1.0),
		new THREE.Matrix4(1.0, 0.0, 0.0, -30.0, 0.0, 0.8014137, -0.59811074, -94.45815, 0.0, 0.59811074, 0.8014137, 10.132098, 0.0, 0.0, 0.0, 1.0),
		new THREE.Matrix4(1.0, 0.0, 0.0, 30.0, 0.0, 0.9888309, 0.14904228, -94.45815, 0.0, -0.14904228, 0.9888309, 10.132098, 0.0, 0.0, 0.0, 1.0),
		new THREE.Matrix4(1.0, 0.0, 0.0, -30.0, 0.0, 0.9555728, -0.29475522, -190.6278, 0.0, 0.29475522, 0.9555728, -61.641186, 0.0, 0.0, 0.0, 1.0),
		new THREE.Matrix4(1.0, 0.0, 0.0, 30.0, 0.0, 0.9100351, 0.4145312, -213.11786, 0.0, -0.4145312, 0.9100351, 28.01717, 0.0, 0.0, 0.0, 1.0),
		new THREE.Matrix4(1.0, 0.0, 0.0, -30.0, 0.0, 0.88160634, -0.47198573, -305.29654, 0.0, 0.47198573, 0.88160634, -97.01181, 0.0, 0.0, 0.0, 1.0),
		new THREE.Matrix4(1.0, 0.0, 0.0, 30.0, 0.0, 0.82623875, 0.56332004, -322.32208, 0.0, -0.56332004, 0.82623875, 77.76091, 0.0, 0.0, 0.0, 1.0),
		new THREE.Matrix4(1.0, -0.0, 0.0, -50.0, 0.0, 0.82623875, 0.5633201, 99.429634, 0.0, -0.5633201, 0.82623875, -10.665366, 0.0, 0.0, 0.0, 1.0),
		new THREE.Matrix4(1.0, 0.0, 0.0, 50.0, 0.0, 0.98542, -0.17013936, 99.429634, 0.0, 0.17013936, 0.98542, -10.665366, 0.0, 0.0, 0.0, 1.0),
		new THREE.Matrix4(1.0, 0.0, 0.0, -50.0, 0.0, 0.9724946, 0.23292592, 0.28098297, 0.0, -0.23292592, 0.9724946, 56.933044, 0.0, 0.0, 0.0, 1.0),
		new THREE.Matrix4(1.0, 0.0, 0.0, 50.0, 0.0, 0.8140121, -0.5808481, -18.820763, 0.0, 0.5808481, 0.8140121, -31.082088, 0.0, 0.0, 0.0, 1.0),
		new THREE.Matrix4(1.0, 0.0, 0.0, 0.0, 0.0, 0.9942964, 0.10665366, 117.182495, 0.0, -0.10665366, 0.9942964, -32.684364, 0.0, 0.0, 0.0, 1.0),
	],
	[
		new THREE.Matrix4(1.0, -0.0, 0.0, 0.0, 0.0, 0.99371225, 0.11196447, 0.0, 0.0, -0.11196447, 0.99371225, 0.0, 0.0, 0.0, 0.0, 1.0),
		new THREE.Matrix4(1.0, 0.0, 0.0, -30.0, 0.0, 0.78183144, -0.62348986, -94.402664, 0.0, 0.62348986, 0.78183144, 10.636624, 0.0, 0.0, 0.0, 1.0),
		new THREE.Matrix4(1.0, 0.0, 0.0, 30.0, 0.0, 0.9876885, 0.15643448, -94.402664, 0.0, -0.15643448, 0.9876885, 10.636624, 0.0, 0.0, 0.0, 1.0),
		new THREE.Matrix4(1.0, 0.0, 0.0, -30.0, 0.0, 0.95105636, -0.30901703, -188.22244, 0.0, 0.30901703, 0.95105636, -64.18216, 0.0, 0.0, 0.0, 1.0),
		new THREE.Matrix4(1.0, 0.0, 0.0, 30.0, 0.0, 0.9009689, 0.4338838, -212.9253, 0.0, -0.4338838, 0.9009689, 29.40876, 0.0, 0.0, 0.0, 1.0),
		new THREE.Matrix4(1.0, 0.0, 0.0, -30.0, 0.0, 0.86974084, -0.4935082, -302.3492, 0.0, 0.4935082, 0.86974084, -101.264206, 0.0, 0.0, 0.0, 1.0),
		new THREE.Matrix4(1.0, 0.0, 0.0, 30.0, 0.0, 0.80901706, 0.5877853, -321.04156, 0.0, -0.5877853, 0.80901706, 81.474815, 0.0, 0.0, 0.0, 1.0),
		new THREE.Matrix4(1.0, -0.0, 0.0, -50.0, 0.0, 0.809017, 0.58778536, 99.37122, 0.0, -0.58778536, 0.809017, -11.196447, 0.0, 0.0, 0.0, 1.0),
		new THREE.Matrix4(1.0, 0.0, 0.0, 50.0, 0.0, 0.9839295, -0.17855693, 99.37122, 0.0, 0.17855693, 0.9839295, -11.196447, 0.0, 0.0, 0.0, 1.0),
		new THREE.Matrix4(1.0, 0.0, 0.0, -50.0, 0.0, 0.9696895, 0.24434054, 2.2891846, 0.0, -0.24434054, 0.9696895, 59.33779, 0.0, 0.0, 0.0, 1.0),
		new THREE.Matrix4(1.0, 0.0, 0.0, 50.0, 0.0, 0.7956244, -0.60579, -18.700317, 0.0, 0.60579, 0.7956244, -32.62328, 0.0, 0.0, 0.0, 1.0),
		new THREE.Matrix4(1.0, 0.0, 0.0, 0.0, 0.0, 0.99371225, 0.11196447, 117.00618, 0.0, -0.11196447, 0.99371225, -33.309982, 0.0, 0.0, 0.0, 1.0),
	],
	[
		new THREE.Matrix4(1.0, -0.0, 0.0, 0.0, 0.0, 0.99309987, 0.117272094, 0.0, 0.0, -0.117272094, 0.99309987, 0.0, 0.0, 0.0, 0.0, 1.0),
		new THREE.Matrix4(1.0, 0.0, 0.0, -30.0, 0.0, 0.76144606, -0.6482284, -94.34449, 0.0, 0.6482284, 0.76144606, 11.140849, 0.0, 0.0, 0.0, 1.0),
		new THREE.Matrix4(1.0, 0.0, 0.0, 30.0, 0.0, 0.9864905, 0.16381788, -94.34449, 0.0, -0.16381788, 0.9864905, 11.140849, 0.0, 0.0, 0.0, 1.0),
		new THREE.Matrix4(1.0, 0.0, 0.0, -30.0, 0.0, 0.94632745, -0.3232096, -185.71802, 0.0, 0.3232096, 0.94632745, -66.64656, 0.0, 0.0, 0.0, 1.0),
		new THREE.Matrix4(1.0, 0.0, 0.0, 30.0, 0.0, 0.891491, 0.4530381, -212.72336, 0.0, -0.4530381, 0.891491, 30.798996, 0.0, 0.0, 0.0, 1.0),
		new THREE.Matrix4(1.0, 0.0, 0.0, -30.0, 0.0, 0.8573509, -0.5147327, -299.2773, 0.0, 0.5147327, 0.8573509, -105.43172, 0.0, 0.0, 0.0, 1.0),
		new THREE.Matrix4(1.0, 0.0, 0.0, 30.0, 0.0, 0.791071, 0.61172426, -319.70227, 0.0, -0.61172426, 0.791071, 85.16357, 0.0, 0.0, 0.0, 1.0),
		new THREE.Matrix4(1.0, -0.0, 0.0, -50.0, 0.0, 0.7910711, 0.6117243, 99.30999, 0.0, -0.6117243, 0.7910711, -11.727209, 0.0, 0.0, 0.0, 1.0),
		new THREE.Matrix4(1.0, 0.0, 0.0, 50.0, 0.0, 0.9823673, -0.18696147, 99.30999, 0.0, 0.18696147, 0.9823673, -11.727209, 0.0, 0.0, 0.0, 1.0),
		new THREE.Matrix4(1.0, 0.0, 0.0, -50.0, 0.0, 0.9667507, 0.25572127, 4.3814545, 0.0, -0.25572127, 0.9667507, 61.67971, 0.0, 0.0, 0.0, 1.0),
		new THREE.Matrix4(1.0, 0.0, 0.0, 50.0, 0.0, 0.77647305, -0.63015056, -18.574081, 0.0, 0.63015056, 0.77647305, -34.162586, 0.0, 0.0, 0.0, 1.0),
