{
    "meshes": [
        "run_body.json",
        "run_generic.json",
        "run_generic.json",
        "run_generic.json",
        "run_generic.json",
        "run_left_toe.json",
        "run_right_toe.json",
        "run_generic.json",
        "run_generic.json",
        "run_generic.json",
        "run_generic.json",
        "monkey-face-try-2.json",
        "run_generic.json",
        "run_generic.json",
        "run_generic.json",
        "run_generic.json",
        "run_generic.json"
    ],
    "numberOfMeshes": 17,
    "numberOfScenes": 300,
    "scenes": [
        [
            {
                "flipped": false,
                "m": [
                    1,
                    0,
                    0,
                    0,
                    0,
                    1,
                    0,
                    0,
                    0,
                    0,
                    1,
                    0,
                    0,
                    0,
                    0,
                    1
                ],
                "visible": true
            },
            {
                "flipped": false,
                "m": [
                    1,
                    0,
                    0,
                    0,
                    0,
                    1,
                    0,
                    0,
                    0,
                    0,
                    1,
                    0,
                    -30,
                    -95,
                    0,
                    1
                ],
                "visible": true
            },
            {
                "flipped": false,
                "m": [
                    1,
                    0,
                    0,
                    0,
                    0,
                    1,
                    0,
                    0,
                    0,
                    0,
                    1,
                    0,
                    30,
                    -95,
                    0,
                    1
                ],
                "visible": true
            },
            {
                "flipped": false,
                "m": [
                    1,
                    0,
                    0,
                    0,
                    0,
                    1,
                    0,
                    0,
                    0,
                    0,
                    1,
                    0,
                    -30,
                    -215,
                    0,
                    1
                ],
                "visible": true
            },
            {
                "flipped": false,
                "m": [
                    1,
                    0,
                    0,
                    0,
                    0,
                    1,
                    0,
                    0,
                    0,
                    0,
                    1,
                    0,
                    30,
                    -215,
                    0,
                    1
                ],
                "visible": true
            },
            {
                "flipped": false,
                "m": [
                    1,
                    0,
                    0,
                    0,
                    0,
                    1,
                    0,
                    0,
                    0,
                    0,
                    1,
                    0,
                    -30,
                    -335,
                    0,
                    1
                ],
                "visible": true
            },
            {
                "flipped": false,
                "m": [
                    1,
                    0,
                    0,
                    0,
                    0,
                    1,
                    0,
                    0,
                    0,
                    0,
                    1,
                    0,
                    30,
                    -335,
                    0,
                    1
                ],
                "visible": true
            },
            {
                "flipped": false,
                "m": [
                    1,
                    0,
                    0,
                    0,
                    0,
                    1,
                    0,
                    0,
                    0,
                    0,
                    1,
                    0,
                    -50,
                    100,
                    0,
                    1
                ],
                "visible": true
            },
            {
                "flipped": false,
                "m": [
                    1,
                    0,
                    0,
                    0,
                    0,
                    1,
                    0,
                    0,
                    0,
                    0,
                    1,
                    0,
                    50,
                    100,
                    0,
                    1
                ],
                "visible": true
            },
            {
                "flipped": false,
                "m": [
                    1,
                    0,
                    0,
                    0,
                    0,
                    1,
                    0,
                    0,
                    0,
                    0,
                    1,
                    0,
                    -50,
                    -20,
                    0,
                    1
                ],
                "visible": true
            },
            {
                "flipped": false,
                "m": [
                    1,
                    0,
                    0,
                    0,
                    0,
                    1,
                    0,
                    0,
                    0,
                    0,
                    1,
                    0,
                    50,
                    -20,
                    0,
                    1
                ],
                "visible": true
            },
            {
                "flipped": true,
                "m": [
                    1,
                    0,
                    0,
                    0,
                    0,
                    1,
                    0,
                    0,
                    0,
                    0,
                    -1,
                    0,
                    0,
                    120,
                    -20,
                    1
                ],
                "visible": true
            },
            {
                "flipped": false,
                "m": [
                    1,
                    0,
                    0,
                    0,
                    0,
                    0.9335803985595703,
                    -0.3583679497241974,
                    0,
                    0,
                    0.3583679497241974,
                    0.9335803985595703,
                    0,
                    0,
                    -100,
                    0,
                    1
                ],
                "visible": true
            },
            {
                "flipped": false,
                "m": [
                    1,
                    0,
                    0,
                    0,
                    0,
                    0.5446390509605408,
                    -0.8386706113815308,
                    0,
                    0,
                    0.8386706113815308,
                    0.5446390509605408,
                    0,
                    0,
                    -193.3580322265625,
                    35.836795806884766,
                    1
                ],
                "visible": true
            },
            {
                "flipped": false,
                "m": [
                    1,
                    0,
                    0,
                    0,
                    0,
                    0.3090170621871948,
                    -0.9510565996170044,
                    0,
                    0,
                    0.9510565996170044,
                    0.3090170621871948,
                    0,
                    0,
                    -247.82192993164062,
                    119.703857421875,
                    1
                ],
                "visible": true
            },
            {
                "flipped": false,
                "m": [
                    1,
                    0,
                    0,
                    0,
                    0,
                    0.1045285314321518,
                    -0.9945221543312073,
                    0,
                    0,
                    0.9945221543312073,
                    0.1045285314321518,
                    0,
                    0,
                    -278.7236328125,
                    214.80950927734375,
                    1
                ],
                "visible": true
            },
            {
                "flipped": false,
                "m": [
                    1,
                    0,
                    0,
                    0,
                    0,
                    -0.0523359477519989,
                    -0.9986297488212585,
                    0,
                    0,
                    0.9986297488212585,
                    -0.0523359477519989,
                    0,
                    0,
                    -289.1764831542969,
                    314.26171875,
                    1
                ],
                "visible": true
            }
        ],
        [
            {
                "flipped": false,
                "m": [
                    1,
                    0,
                    0,
                    0,
                    0,
                    1,
                    0,
                    0,
                    0,
                    0,
                    1,
                    0,
                    0,
                    0,
                    0,
                    1
                ],
                "visible": true
            },
            {
                "flipped": false,
                "m": [
                    1,
                    0,
                    0,
                    0,
                    0,
                    1,
                    0,
                    0,
                    0,
                    0,
                    1,
                    0,
                    -30,
                    -95,
                    0,
                    1
                ],
                "visible": true
            },
            {
                "flipped": false,
                "m": [
                    1,
                    0,
                    0,
                    0,
                    0,
                    1,
                    0,
                    0,
                    0,
                    0,
                    1,
                    0,
                    30,
                    -95,
                    0,
                    1
                ],
                "visible": true
            },
            {
                "flipped": false,
                "m": [
                    1,
                    0,
                    0,
                    0,
                    0,
                    1,
                    0,
                    0,
                    0,
                    0,
                    1,
                    0,
                    -30,
                    -215,
                    0,
                    1
                ],
                "visible": true
            },
            {
                "flipped": false,
                "m": [
                    1,
                    0,
                    0,
                    0,
                    0,
                    1,
                    0,
                    0,
                    0,
                    0,
                    1,
                    0,
                    30,
                    -215,
                    0,
                    1
                ],
                "visible": true
            },
            {
                "flipped": false,
                "m": [
                    1,
                    0,
                    0,
                    0,
                    0,
                    1,
                    0,
                    0,
                    0,
                    0,
                    1,
                    0,
                    -30,
                    -335,
                    0,
                    1
                ],
                "visible": true
            },
            {
                "flipped": false,
                "m": [
                    1,
                    0,
                    0,
                    0,
                    0,
                    1,
                    0,
                    0,
                    0,
                    0,
                    1,
                    0,
                    30,
                    -335,
                    0,
                    1
                ],
                "visible": true
            },
            {
                "flipped": false,
                "m": [
                    1,
                    0,
                    0,
                    0,
                    0,
                    1,
                    0,
                    0,
                    0,
                    0,
                    1,
                    0,
                    -50,
                    100,
                    0,
                    1
                ],
                "visible": true
            },
            {
                "flipped": false,
                "m": [
                    1,
                    0,
                    0,
                    0,
                    0,
                    1,
                    0,
                    0,
                    0,
                    0,
                    1,
                    0,
                    50,
                    100,
                    0,
                    1
                ],
                "visible": true
            },
            {
                "flipped": false,
                "m": [
                    1,
                    0,
                    0,
                    0,
                    0,
                    1,
                    0,
                    0,
                    0,
                    0,
                    1,
                    0,
                    -50,
                    -20,
                    0,
                    1
                ],
                "visible": true
            },
            {
                "flipped": false,
                "m": [
                    1,
                    0,
                    0,
                    0,
                    0,
                    1,
                    0,
                    0,
                    0,
                    0,
                    1,
                    0,
                    50,
                    -20,
                    0,
                    1
                ],
                "visible": true
            },
            {
                "flipped": true,
                "m": [
                    1,
                    0,
                    0,
                    0,
                    0,
                    1,
                    0,
                    0,
                    0,
                    0,
                    -1,
                    0,
                    0,
                    120,
                    -20,
                    1
                ],
                "visible": true
            },
            {
                "flipped": false,
                "m": [
                    0.9999804496765137,
                    -0.006203537806868553,
                    7.704960298724473E-4,
                    0,
                    0.00606126943603158,
                    0.9320517778396606,
                    -0.36227402091026306,
                    0,
                    0.0015292386524379253,
                    0.36227163672447205,
                    0.9320712685585022,
                    0,
                    0,
                    -100,
                    0,
                    1
                ],
                "visible": true
            },
            {
                "flipped": false,
                "m": [
                    0.9999486804008484,
                    -0.009652907028794289,
                    0.0030363823752850294,
                    0,
                    0.007756395731121302,
                    0.5384327173233032,
                    -0.8426325917243958,
                    0,
                    0.006498968694359064,
                    0.8426129817962646,
                    0.5384801626205444,
                    0,
                    -0.6061269640922546,
                    -193.20516967773438,
                    36.22740173339844,
                    1
                ],
                "visible": true
            },
            {
                "flipped": false,
                "m": [
                    0.99973064661026,
                    0.016303792595863342,
                    0.01649942621588707,
                    0,
                    0.010978704318404198,
                    0.2940063178539276,
                    -0.9557402729988098,
                    0,
                    -0.020433127880096436,
                    0.9556639790534973,
                    0.29374822974205017,
                    0,
                    -1.3817665576934814,
                    -247.04844665527344,
                    120.49066162109375,
                    1
                ],
                "visible": true
            },
            {
                "flipped": false,
                "m": [
                    0.9995698928833008,
                    0.014170672744512558,
                    0.02566247433423996,
                    0,
                    0.024301812052726746,
                    0.08902846276760101,
                    -0.9957324266433716,
                    0,
                    -0.01639489084482193,
                    0.9959279298782349,
                    0.088645800948143,
                    0,
                    -2.4796371459960938,
                    -276.4490661621094,
                    216.064697265625,
                    1
                ],
                "visible": true
            },
            {
                "flipped": false,
                "m": [
                    0.9985166788101196,
                    0.013165073469281197,
                    0.05282488092780113,
                    0,
                    0.053596459329128265,
                    -0.0675038993358612,
                    -0.9962781667709351,
                    0,
                    -0.009550190530717373,
                    0.9976317286491394,
                    -0.0681094378232956,
                    0,
                    -4.909818649291992,
                    -285.3518981933594,
                    315.637939453125,
                    1
                ],
                "visible": true
            }
        ],
        [
            {
                "flipped": false,
                "m": [
                    1,
                    0,
                    0,
                    0,
                    0,
                    1,
                    0,
                    0,
                    0,
                    0,
                    1,
                    0,
                    0,
                    0,
                    0,
                    1
                ],
                "visible": true
            },
            {
                "flipped": false,
                "m": [
                    1,
                    0,
                    0,
                    0,
                    0,
                    1,
                    0,
                    0,
                    0,
                    0,
                    1,
                    0,
                    -30,
                    -95,
                    0,
                    1
                ],
                "visible": true
            },
            {
                "flipped": false,
                "m": [
                    1,
                    0,
                    0,
                    0,
                    0,
                    1,
                    0,
                    0,
                    0,
                    0,
                    1,
                    0,
                    30,
                    -95,
                    0,
                    1
                ],
                "visible": true
            },
            {
                "flipped": false,
                "m": [
                    1,
                    0,
                    0,
                    0,
                    0,
                    1,
                    0,
                    0,
                    0,
                    0,
                    1,
                    0,
                    -30,
                    -215,
                    0,
                    1
                ],
                "visible": true
            },
            {
                "flipped": false,
                "m": [
                    1,
                    0,
                    0,
                    0,
                    0,
                    1,
                    0,
                    0,
                    0,
                    0,
                    1,
                    0,
                    30,
                    -215,
                    0,
                    1
                ],
                "visible": true
            },
            {
                "flipped": false,
                "m": [
                    1,
                    0,
                    0,
                    0,
                    0,
                    1,
                    0,
                    0,
                    0,
                    0,
                    1,
                    0,
                    -30,
                    -335,
                    0,
                    1
                ],
                "visible": true
            },
            {
                "flipped": false,
                "m": [
                    1,
                    0,
                    0,
                    0,
                    0,
                    1,
                    0,
                    0,
                    0,
                    0,
                    1,
                    0,
                    30,
                    -335,
                    0,
                    1
                ],
                "visible": true
            },
            {
                "flipped": false,
                "m": [
                    1,
                    0,
                    0,
                    0,
                    0,
                    1,
                    0,
                    0,
                    0,
                    0,
                    1,
                    0,
                    -50,
                    100,
                    0,
                    1
                ],
                "visible": true
            },
            {
                "flipped": false,
                "m": [
                    1,
                    0,
                    0,
                    0,
                    0,
                    1,
                    0,
                    0,
                    0,
                    0,
                    1,
                    0,
                    50,
                    100,
                    0,
                    1
                ],
                "visible": true
            },
            {
                "flipped": false,
                "m": [
                    1,
                    0,
                    0,
                    0,
                    0,
                    1,
                    0,
                    0,
                    0,
                    0,
                    1,
                    0,
                    -50,
                    -20,
                    0,
                    1
                ],
                "visible": true
            },
            {
                "flipped": false,
                "m": [
                    1,
                    0,
                    0,
                    0,
                    0,
                    1,
                    0,
                    0,
                    0,
                    0,
                    1,
                    0,
                    50,
                    -20,
                    0,
                    1
                ],
                "visible": true
            },
            {
                "flipped": true,
                "m": [
                    1,
                    0,
                    0,
                    0,
                    0,
                    1,
                    0,
                    0,
                    0,
                    0,
                    -1,
                    0,
                    0,
                    120,
                    -20,
                    1
                ],
                "visible": true
            },
            {
                "flipped": false,
                "m": [
                    0.9999219179153442,
                    -0.012403229251503944,
                    0.001558123156428337,
                    0,
                    0.01211230456829071,
                    0.9304686784744263,
                    -0.3661710023880005,
                    0,
                    0.0030919183045625687,
                    0.3661612570285797,
                    0.930546224117279,
                    0,
                    0,
                    -100,
                    0,
                    1
                ],
                "visible": true
            },
            {
                "flipped": false,
                "m": [
                    0.9997953772544861,
                    -0.019276298582553864,
                    0.0061251758597791195,
                    0,
                    0.015445452183485031,
                    0.5321103930473328,
                    -0.8465338349342346,
                    0,
                    0.01305877324193716,
                    0.8464553356170654,
                    0.5322995781898499,
                    0,
                    -1.2112305164337158,
                    -193.046875,
                    36.61709976196289,
                    1
                ],
                "visible": true
            },
            {
                "flipped": false,
                "m": [
                    0.9989302158355713,
                    0.032895706593990326,
                    0.03250012919306755,
                    0,
                    0.022053012624382973,
                    0.27885857224464417,
                    -0.9600787162780762,
                    0,
                    -0.04064542055130005,
                    0.9597684741020203,
                    0.2778351902961731,
                    0,
                    -2.7557756900787354,
                    -246.25791931152344,
                    121.27047729492188,
                    1
                ],
                "visible": true
            },
            {
                "flipped": false,
                "m": [
                    0.9982859492301941,
                    0.028915055096149445,
                    0.050881680101156235,
                    0,
                    0.04863235354423523,
                    0.07378827035427094,
                    -0.996087372303009,
                    0,
                    -0.032556407153606415,
                    0.9968546032905579,
                    0.07225596904754639,
                    0,
                    -4.961076736450195,
                    -274.1437683105469,
                    217.27835083007812,
                    1
                ],
                "visible": true
            },
            {
                "flipped": false,
                "m": [
                    0.994075357913971,
                    0.02770323120057583,
                    0.10510272532701492,
                    0,
                    0.1070404052734375,
                    -0.08156486600637436,
                    -0.9909033179283142,
                    0,
                    -0.018878547474741936,
                    0.9962828755378723,
                    -0.0840466096997261,
                    0,
                    -9.824312210083008,
                    -281.5225830078125,
                    316.8870849609375,
                    1
                ],
                "visible": true
            }
        ],
        [
            {
                "flipped": false,
                "m": [
                    1,
                    0,
                    0,
                    0,
                    0,
                    1,
                    0,
                    0,
                    0,
                    0,
                    1,
                    0,
                    0,
                    0,
                    0,
                    1
                ],
                "visible": true
            },
            {
                "flipped": false,
                "m": [
                    1,
                    0,
                    0,
                    0,
                    0,
                    1,
                    0,
                    0,
                    0,
                    0,
                    1,
                    0,
                    -30,
                    -95,
                    0,
                    1
                ],
                "visible": true
            },
            {
                "flipped": false,
                "m": [
                    1,
                    0,
                    0,
                    0,
                    0,
                    1,
                    0,
                    0,
                    0,
                    0,
                    1,
                    0,
                    30,
                    -95,
                    0,
                    1
                ],
                "visible": true
            },
            {
                "flipped": false,
                "m": [
                    1,
                    0,
                    0,
                    0,
                    0,
                    1,
                    0,
                    0,
                    0,
                    0,
                    1,
                    0,
                    -30,
                    -215,
                    0,
                    1
                ],
                "visible": true
            },
            {
                "flipped": false,
                "m": [
                    1,
                    0,
                    0,
                    0,
                    0,
                    1,
                    0,
                    0,
                    0,
                    0,
                    1,
                    0,
                    30,
                    -215,
                    0,
                    1
                ],
                "visible": true
            },
            {
                "flipped": false,
                "m": [
                    1,
                    0,
                    0,
                    0,
                    0,
                    1,
                    0,
                    0,
                    0,
                    0,
                    1,
                    0,
                    -30,
                    -335,
                    0,
                    1
                ],
                "visible": true
            },
            {
                "flipped": false,
                "m": [
                    1,
                    0,
                    0,
                    0,
                    0,
                    1,
                    0,
                    0,
                    0,
                    0,
                    1,
                    0,
                    30,
                    -335,
                    0,
                    1
                ],
                "visible": true
            },
            {
                "flipped": false,
                "m": [
                    1,
                    0,
                    0,
                    0,
                    0,
                    1,
                    0,
                    0,
                    0,
                    0,
                    1,
                    0,
                    -50,
                    100,
                    0,
                    1
                ],
                "visible": true
            },
            {
                "flipped": false,
                "m": [
                    1,
                    0,
                    0,
                    0,
                    0,
                    1,
                    0,
                    0,
                    0,
                    0,
                    1,
                    0,
                    50,
                    100,
                    0,
                    1
                ],
                "visible": true
            },
            {
                "flipped": false,
                "m": [
                    1,
                    0,
                    0,
                    0,
                    0,
                    1,
                    0,
                    0,
                    0,
                    0,
                    1,
                    0,
                    -50,
                    -20,
                    0,
                    1
                ],
                "visible": true
            },
            {
                "flipped": false,
                "m": [
                    1,
                    0,
                    0,
                    0,
                    0,
                    1,
                    0,
                    0,
                    0,
                    0,
                    1,
                    0,
                    50,
                    -20,
                    0,
                    1
                ],
                "visible": true
            },
            {
                "flipped": true,
                "m": [
                    1,
                    0,
                    0,
                    0,
                    0,
                    1,
                    0,
                    0,
                    0,
                    0,
                    -1,
                    0,
                    0,
                    120,
                    -20,
                    1
                ],
                "visible": true
            },
            {
                "flipped": false,
                "m": [
                    0.9998242855072021,
                    -0.01859877072274685,
                    0.0023628573399037123,
                    0,
                    0.01815270073711872,
                    0.928831160068512,
                    -0.3700588345527649,
                    0,
                    0.004687943495810032,
                    0.37003666162490845,
                    0.9290054440498352,
                    0,
                    0,
                    -100,
                    0,
                    1
                ],
                "visible": true
            },
            {
                "flipped": false,
                "m": [
                    0.9995403289794922,
                    -0.0288687776774168,
                    0.00926604401320219,
                    0,
                    0.023065753281116486,
                    0.5256736874580383,
                    -0.8503736853599548,
                    0,
                    0.019678330048918724,
                    0.8501964211463928,
                    0.5260977745056152,
                    0,
                    -1.8152700662612915,
                    -192.88311767578125,
                    37.005882263183594,
                    1
                ],
                "visible": true
            },
            {
                "flipped": false,
                "m": [
                    0.9976078867912292,
                    0.04976541921496391,
                    0.04797852411866188,
                    0,
                    0.033216506242752075,
                    0.26358363032341003,
                    -0.9640644788742065,
                    0,
                    -0.060623422265052795,
                    0.9633520245552063,
                    0.2612999379634857,
                    0,
                    -4.121845245361328,
                    -245.4504852294922,
                    122.04325103759766,
                    1
                ],
                "visible": true
            },
            {
                "flipped": false,
                "m": [
                    0.996155858039856,
                    0.044221024960279465,
                    0.07561802119016647,
                    0,
                    0.07296397536993027,
                    0.058832935988903046,
                    -0.9955978989601135,
                    0,
                    -0.04847518354654312,
                    0.9972880482673645,
                    0.05538012459874153,
                    0,
                    -7.443495750427246,
                    -271.808837890625,
                    218.44970703125,
                    1
                ],
                "visible": true
            },
            {
                "flipped": false,
                "m": [
                    0.9866941571235657,
                    0.04354241117835045,
                    0.15664875507354736,
                    0,
                    0.16015976667404175,
                    -0.09441539645195007,
                    -0.9825654625892639,
                    0,
                    -0.02799321338534355,
                    0.9945803284645081,
                    -0.10013291984796524,
                    0,
                    -14.739892959594727,
                    -277.692138671875,
                    318.0094909667969,
                    1
                ],
                "visible": true
            }
        ],
        [
            {
                "flipped": false,
                "m": [
                    1,
                    0,
                    0,
                    0,
                    0,
                    1,
                    0,
                    0,
                    0,
                    0,
                    1,
                    0,
                    0,
                    0,
                    0,
                    1
                ],
                "visible": true
            },
            {
                "flipped": false,
                "m": [
                    1,
                    0,
                    0,
                    0,
                    0,
                    1,
                    0,
                    0,
                    0,
                    0,
                    1,
                    0,
                    -30,
                    -95,
                    0,
                    1
                ],
                "visible": true
            },
            {
                "flipped": false,
                "m": [
                    1,
                    0,
                    0,
                    0,
                    0,
                    1,
                    0,
                    0,
                    0,
                    0,
                    1,
                    0,
