{
    "meshes": [
        "torso.json",
        "head.json",
        "hat.json",
        "run_generic.json",
        "run_generic.json",
        "run_generic.json",
        "run_generic.json"
    ],
    "numberOfMeshes": 7,
    "numberOfScenes": 50,
    "scenes": [
        [
            {
                "flipped": false,
                "m": [
                    1,
                    0,
                    0,
                    0,
                    0,
                    1,
                    0,
                    0,
                    0,
                    0,
                    1,
                    0,
                    0,
                    0,
                    0,
                    1
                ],
                "visible": true
            },
            {
                "flipped": false,
                "m": [
                    1,
                    0,
                    0,
                    0,
                    0,
                    1,
                    0,
                    0,
                    0,
                    0,
                    1,
                    0,
                    0,
                    80,
                    20,
                    1
                ],
                "visible": true
            },
            {
                "flipped": false,
                "m": [
                    1,
                    0,
                    0,
                    0,
                    0,
                    0,
                    -1,
                    0,
                    0,
                    1,
                    0,
                    0,
                    0,
                    210,
                    40,
                    1
                ],
                "visible": true
            },
            {
                "flipped": false,
                "m": [
                    0.8402748703956604,
                    0.5378077030181885,
                    0.06856335699558258,
                    0,
                    -0.5254432559013367,
                    0.7766650319099426,
                    0.3474203050136566,
                    0,
                    0.1335945725440979,
                    -0.3279547095298767,
                    0.9351995587348938,
                    0,
                    35,
                    80,
                    20,
                    1
                ],
                "visible": true
            },
            {
                "flipped": false,
                "m": [
                    -0.078692227602005,
                    -0.5435172319412231,
                    -0.8357012271881104,
                    0,
                    0.7811954617500305,
                    -0.5544009804725647,
                    0.2870074212551117,
                    0,
                    -0.6193071007728577,
                    -0.6302608251571655,
                    0.46822020411491394,
                    0,
                    98.05319213867188,
                    -13.199806213378906,
                    -21.69043731689453,
                    1
                ],
                "visible": true
            },
            {
                "flipped": false,
                "m": [
                    0.8402748703956604,
                    -0.5378077030181885,
                    -0.06856335699558258,
                    0,
                    0.5254432559013367,
                    0.7766650319099426,
                    0.3474203050136566,
                    0,
                    -0.1335945725440979,
                    -0.3279547095298767,
                    0.9351995587348938,
                    0,
                    -35,
                    80,
                    20,
                    1
                ],
                "visible": true
            },
            {
                "flipped": false,
                "m": [
                    0.018560737371444702,
                    0.5239168405532837,
                    0.8515670299530029,
                    0,
                    -0.781191349029541,
                    -0.523975133895874,
                    0.339396595954895,
                    0,
                    0.6240155696868896,
                    -0.6715362668037415,
                    0.3995540738105774,
                    0,
                    -98.05319213867188,
                    -13.199806213378906,
                    -21.69043731689453,
                    1
                ],
                "visible": true
            }
        ],
        [
            {
                "flipped": false,
                "m": [
                    1,
                    0,
                    0,
                    0,
                    -0,
                    0.9999404549598694,
                    -0.010908093303442001,
                    0,
                    0,
                    0.010908093303442001,
                    0.9999404549598694,
                    0,
                    0,
                    0,
                    0,
                    1
                ],
                "visible": true
            },
            {
                "flipped": false,
                "m": [
                    1,
                    0,
                    0,
                    0,
                    0,
                    0.9999903440475464,
                    0.004363308660686016,
                    0,
                    0,
                    -0.004363308660686016,
                    0.9999903440475464,
                    0,
                    0,
                    80.2134017944336,
                    19.126161575317383,
                    1
                ],
                "visible": true
            },
            {
                "flipped": false,
                "m": [
                    1,
                    0,
                    0,
                    0,
                    0,
                    0.004363308660686016,
                    -0.9999903440475464,
                    0,
                    0,
                    0.9999903440475464,
                    0.004363308660686016,
                    0,
                    0,
                    210.1248779296875,
                    39.693199157714844,
                    1
                ],
                "visible": true
            },
            {
                "flipped": false,
                "m": [
                    0.8442218899726868,
                    0.5313050150871277,
                    0.07074128091335297,
                    0,
                    -0.5149047374725342,
                    0.7672534584999084,
                    0.3823549449443817,
                    0,
                    0.14887064695358276,
                    -0.35921746492385864,
                    0.9213036298751831,
                    0,
                    35,
                    80.2134017944336,
                    19.126161575317383,
                    1
                ],
                "visible": true
            },
            {
                "flipped": false,
                "m": [
                    -0.016429781913757324,
                    -0.5255953669548035,
                    -0.8505760431289673,
                    0,
                    0.8078118562698364,
                    -0.5082822442054749,
                    0.29847845435142517,
                    0,
                    -0.5892114639282227,
                    -0.6822013854980469,
                    0.4329330623149872,
                    0,
                    96.78856658935547,
                    -11.857009887695312,
                    -26.756433486938477,
                    1
                ],
                "visible": true
            },
            {
                "flipped": false,
                "m": [
                    0.8453812599182129,
                    -0.5294936299324036,
                    -0.07047836482524872,
                    0,
                    0.513152539730072,
                    0.7683874368667603,
                    0.38243380188941956,
                    0,
                    -0.1483415961265564,
                    -0.3594684898853302,
                    0.9212910532951355,
                    0,
                    -35,
                    80.2134017944336,
                    19.126161575317383,
                    1
                ],
                "visible": true
            },
            {
                "flipped": false,
                "m": [
                    0.07299500703811646,
                    0.5017690658569336,
                    0.8619163632392883,
                    0,
                    -0.8027346134185791,
                    -0.48330098390579224,
                    0.3493388891220093,
                    0,
                    0.5918523669242859,
                    -0.7173899412155151,
                    0.3675086796283722,
                    0,
                    -96.57830810546875,
                    -11.993087768554688,
                    -26.765893936157227,
                    1
                ],
                "visible": true
            }
        ],
        [
            {
                "flipped": false,
                "m": [
                    1,
                    0,
                    0,
                    0,
                    -0,
                    0.9997619986534119,
                    -0.02181488648056984,
                    0,
                    0,
                    0.02181488648056984,
                    0.9997619986534119,
                    0,
                    0,
                    0,
                    0,
                    1
                ],
                "visible": true
            },
            {
                "flipped": false,
                "m": [
                    1,
                    0,
                    0,
                    0,
                    0,
                    0.999961793422699,
                    0.008726535364985466,
                    0,
                    0,
                    -0.008726535364985466,
                    0.999961793422699,
                    0,
                    0,
                    80.41725158691406,
                    18.25004768371582,
                    1
                ],
                "visible": true
            },
            {
                "flipped": false,
                "m": [
                    1,
                    0,
                    0,
                    0,
                    0,
                    0.008726535364985466,
                    -0.999961793422699,
                    0,
                    0,
                    0.999961793422699,
                    0.008726535364985466,
                    0,
                    0,
                    210.2377471923828,
                    39.383731842041016,
                    1
                ],
                "visible": true
            },
            {
                "flipped": false,
                "m": [
                    0.8481649160385132,
                    0.5247029662132263,
                    0.07282047718763351,
                    0,
                    -0.5038490295410156,
                    0.7566199898719788,
                    0.41672778129577637,
                    0,
                    0.1635608673095703,
                    -0.390144407749176,
                    0.9061098694801331,
                    0,
                    35,
                    80.41725158691406,
                    18.25004768371582,
                    1
                ],
                "visible": true
            },
            {
                "flipped": false,
                "m": [
                    0.046495139598846436,
                    -0.5016258955001831,
                    -0.8638342022895813,
                    0,
                    0.829111635684967,
                    -0.4629450738430023,
                    0.3134571313858032,
                    0,
                    -0.5571460127830505,
                    -0.7307891845703125,
                    0.3943794071674347,
                    0,
                    95.46188354492188,
                    -10.377143859863281,
                    -31.75728416442871,
                    1
                ],
                "visible": true
            },
            {
                "flipped": false,
                "m": [
                    0.8504484295845032,
                    -0.5210703611373901,
                    -0.07226936519145966,
                    0,
                    0.500369131565094,
                    0.7588427066802979,
                    0.4168790876865387,
                    0,
                    -0.16238228976726532,
                    -0.3906955122947693,
                    0.9060843586921692,
                    0,
                    -35,
                    80.41725158691406,
                    18.25004768371582,
                    1
                ],
                "visible": true
            },
            {
                "flipped": false,
                "m": [
                    0.12787741422653198,
                    0.47494781017303467,
                    0.8706731796264648,
                    0,
                    -0.8197433948516846,
                    -0.4435384273529053,
                    0.3623453974723816,
                    0,
                    0.5582722425460815,
                    -0.7600642442703247,
                    0.3326168954372406,
                    0,
                    -95.04429626464844,
                    -10.643875122070312,
                    -31.775442123413086,
                    1
                ],
                "visible": true
            }
        ],
        [
            {
                "flipped": false,
                "m": [
                    1,
                    0,
                    0,
                    0,
                    -0,
                    0.9994646310806274,
                    -0.03271908313035965,
                    0,
                    0,
                    0.03271908313035965,
                    0.9994646310806274,
                    0,
                    0,
                    0,
                    0,
                    1
                ],
                "visible": true
            },
            {
                "flipped": false,
                "m": [
                    1,
                    0,
                    0,
                    0,
                    0,
                    0.9999142289161682,
                    0.013089597225189209,
                    0,
                    0,
                    -0.013089597225189209,
                    0.9999142289161682,
                    0,
                    0,
                    80.6115493774414,
                    17.37176513671875,
                    1
                ],
                "visible": true
            },
            {
                "flipped": false,
                "m": [
                    1,
                    0,
                    0,
                    0,
                    0,
                    0.013089597225189209,
                    -0.9999142289161682,
                    0,
                    0,
                    0.9999142289161682,
                    0.013089597225189209,
                    0,
                    0,
                    210.33859252929688,
                    39.07169723510742,
                    1
                ],
                "visible": true
            },
            {
                "flipped": false,
                "m": [
                    0.8521007299423218,
                    0.5180052518844604,
                    0.0748005211353302,
                    0,
                    -0.4923068881034851,
                    0.7447766065597534,
                    0.45049095153808594,
                    0,
                    0.17764697968959808,
                    -0.4206884801387787,
                    0.8896419405937195,
                    0,
                    35,
                    80.6115493774414,
                    17.37176513671875,
                    1
                ],
                "visible": true
            },
            {
                "flipped": false,
                "m": [
                    0.10965988039970398,
                    -0.4718721807003021,
                    -0.8748208284378052,
                    0,
                    0.8450807332992554,
                    -0.41907960176467896,
                    0.3319803476333618,
                    0,
                    -0.5232716798782349,
                    -0.775699257850647,
                    0.3528137505054474,
                    0,
                    94.07682800292969,
                    -8.761642456054688,
                    -36.68714904785156,
                    1
                ],
                "visible": true
            },
            {
                "flipped": false,
                "m": [
                    0.8554723858833313,
                    -0.5125431418418884,
                    -0.07393652200698853,
                    0,
                    0.48713088035583496,
                    0.7480410933494568,
                    0.45070868730545044,
                    0,
                    -0.17570005357265472,
                    -0.4215856194496155,
                    0.8896039128303528,
                    0,
                    -35,
                    80.6115493774414,
                    17.37176513671875,
                    1
                ],
                "visible": true
            },
            {
                "flipped": false,
                "m": [
                    0.18290981650352478,
                    0.4437035620212555,
                    0.8773090243339539,
                    0,
                    -0.8322069048881531,
                    -0.4052242934703827,
                    0.3784506916999817,
                    0,
                    0.5234267711639404,
                    -0.7993251085281372,
                    0.2951336205005646,
                    0,
                    -93.45570373535156,
                    -9.15338134765625,
                    -36.71327590942383,
                    1
                ],
                "visible": true
            }
        ],
        [
            {
                "flipped": false,
                "m": [
                    1,
                    0,
                    0,
                    0,
                    -0,
                    0.999048113822937,
                    -0.04361938685178757,
                    0,
                    0,
                    0.04361938685178757,
                    0.999048113822937,
                    0,
                    0,
                    0,
                    0,
                    1
                ],
                "visible": true
            },
            {
                "flipped": false,
                "m": [
                    1,
                    0,
                    0,
                    0,
                    0,
                    0.9998476505279541,
                    0.017452403903007507,
                    0,
                    0,
                    -0.017452403903007507,
                    0.9998476505279541,
                    0,
                    0,
                    80.7962417602539,
                    16.491411209106445,
                    1
                ],
                "visible": true
            },
            {
                "flipped": false,
                "m": [
                    1,
                    0,
                    0,
                    0,
                    0,
                    0.017452403903007507,
                    -0.9998476505279541,
                    0,
                    0,
                    0.9998476505279541,
                    0.017452403903007507,
                    0,
                    0,
                    210.42739868164062,
                    38.757179260253906,
                    1
                ],
                "visible": true
            },
            {
                "flipped": false,
                "m": [
                    0.8560250997543335,
                    0.511215090751648,
                    0.07668110728263855,
                    0,
                    -0.4803093671798706,
                    0.7317348122596741,
                    0.4835974872112274,
                    0,
                    0.19111216068267822,
                    -0.4508022367954254,
                    0.8719249367713928,
                    0,
                    35,
                    80.7962417602539,
                    16.491411209106445,
                    1
                ],
                "visible": true
            },
            {
                "flipped": false,
                "m": [
                    0.1726597249507904,
                    -0.43668484687805176,
                    -0.8828899264335632,
                    0,
                    0.8557364344596863,
                    -0.3773616552352905,
                    0.3539959192276001,
                    0,
                    -0.48775380849838257,
                    -0.8166418075561523,
                    0.30853205919265747,
                    0,
                    92.63712310791016,
                    -7.011932373046875,
                    -41.54029083251953,
                    1
                ],
                "visible": true
            },
            {
                "flipped": false,
                "m": [
                    0.8604480028152466,
                    -0.5039166212081909,
                    -0.07548019289970398,
                    0,
                    0.4734762907028198,
                    0.7359919548034668,
                    0.4838758111000061,
                    0,
                    -0.18828032910823822,
                    -0.45208805799484253,
                    0.8718752861022949,
                    0,
                    -35,
                    80.7962417602539,
                    16.491411209106445,
                    1
                ],
                "visible": true
            },
            {
                "flipped": false,
                "m": [
                    0.237806499004364,
                    0.4083493947982788,
                    0.8813049793243408,
                    0,
                    -0.8401339054107666,
                    -0.3688833713531494,
                    0.39761775732040405,
                    0,
                    0.48746591806411743,
                    -0.8349704146385193,
                    0.25534525513648987,
                    0,
                    -91.81715393066406,
                    -7.522789001464844,
                    -41.57368469238281,
                    1
                ],
                "visible": true
            }
        ],
        [
            {
                "flipped": false,
                "m": [
                    1,
                    0,
                    0,
                    0,
                    -0,
                    0.998512864112854,
                    -0.05451449379324913,
                    0,
                    0,
                    0.05451449379324913,
                    0.998512864112854,
                    0,
                    0,
                    0,
                    0,
                    1
                ],
                "visible": true
            },
            {
                "flipped": false,
                "m": [
                    1,
                    0,
                    0,
                    0,
                    0,
                    0.9997619390487671,
                    0.02181488648056984,
                    0,
                    0,
                    -0.02181488648056984,
                    0.9997619390487671,
                    0,
                    0,
                    80.9713134765625,
                    15.609097480773926,
                    1
                ],
                "visible": true
            },
            {
                "flipped": false,
                "m": [
                    1,
                    0,
                    0,
                    0,
                    0,
                    0.02181488648056984,
                    -0.9997619390487671,
                    0,
                    0,
                    0.9997619390487671,
                    0.02181488648056984,
                    0,
                    0,
                    210.5040740966797,
                    38.440269470214844,
                    1
                ],
                "visible": true
            },
            {
                "flipped": false,
                "m": [
                    0.8599349856376648,
                    0.5043368339538574,
                    0.07846204936504364,
                    0,
                    -0.4678887724876404,
                    0.7175111174583435,
                    0.51600182056427,
                    0,
                    0.20394136011600494,
                    -0.4804394841194153,
                    0.852986216545105,
                    0,
                    35,
                    80.9713134765625,
                    15.609097480773926,
                    1
                ],
                "visible": true
            },
            {
                "flipped": false,
                "m": [
                    0.23510724306106567,
                    -0.39650407433509827,
                    -0.8874169588088989,
                    0,
                    0.8611267805099487,
                    -0.3384457230567932,
                    0.3793618083000183,
                    0,
                    -0.4507611095905304,
                    -0.8533692955970764,
                    0.26186904311180115,
                    0,
                    91.14665222167969,
                    -5.1300201416015625,
                    -46.31112289428711,
                    1
                ],
                "visible": true
            },
            {
                "flipped": false,
                "m": [
                    0.8653709292411804,
                    -0.49519628286361694,
                    -0.07690081000328064,
                    0,
                    0.4594441056251526,
                    0.7227091789245605,
                    0.5163354873657227,
                    0,
                    -0.200110524892807,
                    -0.4821532964706421,
                    0.85292649269104,
                    0,
                    -35,
                    80.9713134765625,
                    15.609097480773926,
                    1
                ],
                "visible": true
            },
            {
                "flipped": false,
                "m": [
                    0.292294442653656,
                    0.36926212906837463,
                    0.882161557674408,
                    0,
                    -0.8435514569282532,
                    -0.33502331376075745,
                    0.4197380244731903,
                    0,
                    0.4505382776260376,
                    -0.8668359518051147,
                    0.2135661244392395,
                    0,
                    -90.13329315185547,
                    -5.7537841796875,
                    -46.35116195678711,
                    1
                ],
                "visible": true
            }
        ],
        [
            {
                "flipped": false,
                "m": [
                    1,
                    0,
                    0,
                    0,
                    -0,
                    0.9978590607643127,
                    -0.06540313363075256,
                    0,
                    0,
                    0.06540313363075256,
                    0.9978590607643127,
                    0,
                    0,
                    0,
                    0,
                    1
                ],
                "visible": true
            },
            {
                "flipped": false,
                "m": [
                    1,
                    0,
                    0,
                    0,
                    0,
                    0.9996575713157654,
                    0.02617695927619934,
                    0,
                    0,
                    -0.02617695927619934,
                    0.9996575713157654,
                    0,
                    0,
                    81.13678741455078,
                    14.724931716918945,
                    1
                ],
                "visible": true
            },
            {
                "flipped": false,
                "m": [
                    1,
                    0,
                    0,
                    0,
                    0,
                    0.02617695927619934,
                    -0.9996575713157654,
                    0,
                    0,
                    0.9996575713157654,
                    0.02617695927619934,
                    0,
                    0,
                    210.56874084472656,
                    38.12108612060547,
                    1
                ],
                "visible": true
            },
            {
                "flipped": false,
                "m": [
                    0.8638264536857605,
                    0.49737387895584106,
                    0.0801432803273201,
                    0,
                    -0.45507723093032837,
                    0.7021210789680481,
                    0.5476594567298889,
                    0,
                    0.21612116694450378,
                    -0.5095542073249817,
                    0.8328544497489929,
                    0,
                    35,
                    81.13678741455078,
                    14.724931716918945,
                    1
                ],
                "visible": true
            },
            {
                "flipped": false,
                "m": [
                    0.29663586616516113,
                    -0.3518497943878174,
                    -0.8878116011619568,
                    0,
                    0.8613258600234985,
                    -0.30294832587242126,
                    0.40784838795661926,
                    0,
                    -0.41246211528778076,
                    -0.8856773972511292,
                    0.21319197118282318,
                    0,
                    89.60926818847656,
                    -3.1177444458007812,
                    -50.99420166015625,
                    1
                ],
                "visible": true
            },
            {
                "flipped": false,
                "m": [
                    0.8702368140220642,
                    -0.48638734221458435,
                    -0.07819898426532745,
                    0,
                    0.4450737535953522,
                    0.7082077264785767,
                    0.5480433702468872,
                    0,
                    -0.2111802101135254,
                    -0.5117319226264954,
                    0.8327866792678833,
                    0,
                    -35,
                    81.13678741455078,
                    14.724931716918945,
                    1
                ],
                "visible": true
            },
            {
                "flipped": false,
                "m": [
                    0.34611207246780396,
                    0.32687845826148987,
                    0.8794074058532715,
                    0,
                    -0.8425030708312988,
                    -0.30412420630455017,
                    0.44463133811950684,
                    0,
                    0.4127891957759857,
                    -0.8947957754135132,
                    0.1701350212097168,
                    0,
                    -88.40885162353516,
                    -3.8481369018554688,
                    -51.04027557373047,
                    1
                ],
                "visible": true
            }
        ],
        [
            {
                "flipped": false,
                "m": [
                    1,
                    0,
                    0,
                    0,
                    -0,
                    0.9970861673355103,
                    -0.07628397643566132,
                    0,
                    0,
                    0.07628397643566132,
                    0.9970861673355103,
                    0,
                    0,
                    0,
                    0,
                    1
                ],
                "visible": true
            },
            {
                "flipped": false,
                "m": [
                    1,
                    0,
                    0,
                    0,
                    0,
                    0.9995337128639221,
                    0.030538499355316162,
                    0,
                    0,
                    -0.030538499355316162,
                    0.9995337128639221,
                    0,
                    0,
                    81.29257202148438,
                    13.839004516601562,
                    1
                ],
                "visible": true
            },
            {
                "flipped": false,
                "m": [
                    1,
                    0,
                    0,
                    0,
                    0,
                    0.030538499355316162,
                    -0.9995337128639221,
                    0,
                    0,
                    0.9995337128639221,
                    0.030538499355316162,
                    0,
                    0,
                    210.62118530273438,
                    37.799686431884766,
                    1
                ],
                "visible": true
            },
            {
                "flipped": false,
                "m": [
                    0.8676967620849609,
                    0.49032995104789734,
                    0.08172468841075897,
                    0,
                    -0.44190776348114014,
                    0.6855834722518921,
                    0.5785265564918518,
                    0,
                    0.22763974964618683,
                    -0.5381004214286804,
                    0.8115590810775757,
                    0,
                    35,
                    81.29257202148438,
                    13.839004516601562,
                    1
                ],
                "visible": true
            },
            {
                "flipped": false,
                "m": [
                    0.3568965792655945,
                    -0.30332043766975403,
                    -0.883527934551239,
                    0,
                    0.856432318687439,
                    -0.271441787481308,
                    0.43913912773132324,
                    0,
                    -0.3730262517929077,
                    -0.9134092330932617,
                    0.1628967523574829,
                    0,
                    88.0289306640625,
                    -0.977447509765625,
                    -55.58418273925781,
                    1
                ],
                "visible": true
            },
            {
                "flipped": false,
                "m": [
                    0.8750418424606323,
                    -0.47749483585357666,
                    -0.07937527447938919,
                    0,
                    0.4304044246673584,
                    0.6925040483474731,
                    0.5789560675621033,
                    0,
                    -0.2214808464050293,
                    -0.5407743453979492,
                    0.8114858865737915,
                    0,
                    -35,
                    81.29257202148438,
                    13.839004516601562,
                    1
                ],
                "visible": true
            },
            {
                "flipped": false,
                "m": [
                    0.399008572101593,
                    0.2816895544528961,
                    0.8726069331169128,
                    0,
                    -0.8370457291603088,
                    -0.27663126587867737,
                    0.47204819321632385,
                    0,
                    0.3743613362312317,
                    -0.9187633991241455,
                    0.12540878355503082,
                    0,
                    -86.64852905273438,
                    -1.8079147338867188,
                    -55.63572692871094,
                    1
                ],
                "visible": true
            }
        ],
        [
            {
                "flipped": false,
                "m": [
                    1,
                    0,
                    0,
                    0,
                    -0,
                    0.9961946606636047,
                    -0.08715575188398361,
                    0,
                    0,
                    0.08715575188398361,
                    0.9961946606636047,
                    0,
                    0,
                    0,
                    0,
                    1
                ],
                "visible": true
            },
            {
                "flipped": false,
                "m": [
                    1,
                    0,
                    0,
                    0,
                    0,
                    0.9993909001350403,
                    0.03489949554204941,
                    0,
                    0,
                    -0.03489949554204941,
                    0.9993909001350403,
                    0,
                    0,
                    81.43869018554688,
                    12.951433181762695,
                    1
                ],
                "visible": true
            },
            {
                "flipped": false,
                "m": [
                    1,
                    0,
                    0,
                    0,
                    0,
                    0.03489949554204941,
                    -0.9993909001350403,
                    0,
                    0,
                    0.9993909001350403,
                    0.03489949554204941,
                    0,
                    0,
                    210.66152954101562,
                    37.4761848449707,
                    1
                ],
                "visible": true
            },
            {
                "flipped": false,
                "m": [
                    0.8715420961380005,
                    0.4832090139389038,
                    0.08320643752813339,
                    0,
                    -0.4284135103225708,
                    0.6679184436798096,
                    0.6085612177848816,
                    0,
                    0.2384871542453766,
                    -0.5660334229469299,
                    0.7891322374343872,
                    0,
                    35,
                    81.43869018554688,
                    12.951433181762695,
                    1
                ],
                "visible": true
            },
            {
                "flipped": false,
                "m": [
                    0.4155612587928772,
                    -0.25158366560935974,
                    -0.8740791082382202,
                    0,
                    0.8465653657913208,
                    -0.24444159865379333,
                    0.47283735871315,
                    0,
                    -0.33261963725090027,
                    -0.9364582300186157,
                    0.11140145361423492,
                    0,
