{"scenes":[[{"flipped":false,"visible":true,"m":[1,0,0,0,0,1,0,0,0,0,1,0,0,0,0,1]},{"flipped":false,"visible":true,"m":[1,0,0,0,0,1,0,0,0,0,1,0,0,80,20,1]},{"flipped":false,"visible":true,"m":[1,0,0,0,0,0,-1,0,0,1,0,0,0,210,40,1]},{"flipped":false,"visible":true,"m":[0.8402748703956604,0.5378077030181885,0.06856335699558258,0,-0.5254432559013367,0.7766650319099426,0.3474203050136566,0,0.1335945725440979,-0.3279547095298767,0.9351995587348938,0,35,80,20,1]},{"flipped":false,"visible":true,"m":[-0.078692227602005,-0.5435172319412231,-0.8357012271881104,0,0.7811954617500305,-0.5544009804725647,0.2870074212551117,0,-0.6193071007728577,-0.6302608251571655,0.46822020411491394,0,98.05319213867188,-13.199806213378906,-21.69043731689453,1]},{"flipped":false,"visible":true,"m":[0.7713570594787598,0.2214682251214981,0.596623957157135,0,0.43915680050849915,-0.8637472987174988,-0.24714747071266174,0,0.46059703826904297,0.45265039801597595,-0.7635168433189392,0,-35,80,20,1]},{"flipped":false,"visible":true,"m":[0.4976399540901184,0.6693704724311829,-0.5516316890716553,0,0.5337107181549072,-0.7376277446746826,-0.4135919511318207,0,-0.6837451457977295,-0.08859188854694366,-0.7243232131004333,0,-87.69881439208984,183.64967346191406,49.65769577026367,1]},{"flipped":false,"visible":true,"m":[1,0,0,0,0,1,0,0,0,0,1,0,0,90,40,1]},{"flipped":false,"visible":true,"m":[1,0,0,0,0,0.9986295700073242,-0.0523359552025795,0,0,0.0523359552025795,0.9986295700073242,0,0,50,60,1]},{"flipped":false,"visible":true,"m":[1,0,0,0,0,0.9986295700073242,-0.0523359552025795,0,0,0.0523359552025795,0.9986295700073242,0,0,50,60,1]},{"flipped":false,"visible":true,"m":[1,0,0,0,0,0.9986295700073242,-0.0523359552025795,0,0,0.0523359552025795,0.9986295700073242,0,0,50,60,1]},{"flipped":false,"visible":true,"m":[0.4976399540901184,0.6693704724311829,-0.5516316890716553,0,-0.32528480887413025,-0.4455370306968689,-0.8340782523155212,0,-0.8040797710418701,0.594508171081543,-0.003980964422225952,0,-151.74411010742188,272.1650085449219,99.28872680664062,1]}],[{"flipped":false,"visible":true,"m":[1,0,0,0,0,1,0,0,0,0,1,0,0,0,0,1]},{"flipped":false,"visible":true,"m":[1,0,0,0,0,1,0,0,0,0,1,0,0,80,20,1]},{"flipped":false,"visible":true,"m":[1,0,0,0,0,0,-1,0,0,1,0,0,0,210,40,1]},{"flipped":false,"visible":true,"m":[0.8402748703956604,0.5378077030181885,0.06856335699558258,0,-0.5254432559013367,0.7766650319099426,0.3474203050136566,0,0.1335945725440979,-0.3279547095298767,0.9351995587348938,0,35,80,20,1]},{"flipped":false,"visible":true,"m":[-0.078692227602005,-0.5435172319412231,-0.8357012271881104,0,0.7811954617500305,-0.5544009804725647,0.2870074212551117,0,-0.6193071007728577,-0.6302608251571655,0.46822020411491394,0,98.05319213867188,-13.199806213378906,-21.69043731689453,1]},{"flipped":false,"visible":true,"m":[0.7516598701477051,0.2556903660297394,0.6079719066619873,0,0.4122912287712097,-0.9016527533531189,-0.13053055107593536,0,0.5148041844367981,0.3487761318683624,-0.783155083656311,0,-35,80,20,1]},{"flipped":false,"visible":true,"m":[0.5513206720352173,0.5857490301132202,-0.594090461730957,0,0.5198644399642944,-0.7981383204460144,-0.3044935166835785,0,-0.6525231003761292,-0.14097300171852112,-0.744540274143219,0,-84.47494506835938,188.19833374023438,35.663665771484375,1]},{"flipped":false,"visible":true,"m":[1,0,0,0,0,1,0,0,0,0,1,0,0,90,40,1]},{"flipped":false,"visible":true,"m":[1,0,0,0,0,0.9986295700073242,-0.0523359552025795,0,0,0.0523359552025795,0.9986295700073242,0,0,50,60,1]},{"flipped":false,"visible":true,"m":[1,0,0,0,0,0.9986295700073242,-0.0523359552025795,0,0,0.0523359552025795,0.9986295700073242,0,0,50,60,1]},{"flipped":false,"visible":true,"m":[1,0,0,0,0,0.9986295700073242,-0.0523359552025795,0,0,0.0523359552025795,0.9986295700073242,0,0,50,60,1]},{"flipped":false,"visible":true,"m":[0.5513206720352173,0.5857490301132202,-0.594090461730957,0,-0.4102642238140106,-0.42969581484794617,-0.8043910264968872,0,-0.7264493703842163,0.6872115731239319,0.0034117400646209717,0,-146.85867309570312,283.97491455078125,72.20288848876953,1]}],[{"flipped":false,"visible":true,"m":[1,0,0,0,0,1,0,0,0,0,1,0,0,0,0,1]},{"flipped":false,"visible":true,"m":[1,0,0,0,0,1,0,0,0,0,1,0,0,80,20,1]},{"flipped":false,"visible":true,"m":[1,0,0,0,0,0,-1,0,0,1,0,0,0,210,40,1]},{"flipped":false,"visible":true,"m":[0.8402748703956604,0.5378077030181885,0.06856335699558258,0,-0.5254432559013367,0.7766650319099426,0.3474203050136566,0,0.1335945725440979,-0.3279547095298767,0.9351995587348938,0,35,80,20,1]},{"flipped":false,"visible":true,"m":[-0.078692227602005,-0.5435172319412231,-0.8357012271881104,0,0.7811954617500305,-0.5544009804725647,0.2870074212551117,0,-0.6193071007728577,-0.6302608251571655,0.46822020411491394,0,98.05319213867188,-13.199806213378906,-21.69043731689453,1]},{"flipped":false,"visible":true,"m":[0.7316385507583618,0.29105499386787415,0.6164349317550659,0,0.3784834146499634,-0.9255274534225464,-0.012221485376358032,0,0.5669702887535095,0.24225206673145294,-0.7873110175132751,0,-35,80,20,1]},{"flipped":false,"visible":true,"m":[0.6045398712158203,0.4967004358768463,-0.6227520704269409,0,0.4987930953502655,-0.8455883860588074,-0.19022619724273682,0,-0.621077299118042,-0.1956251859664917,-0.7589426040649414,0,-80.41801452636719,191.06329345703125,21.466577529907227,1]},{"flipped":false,"visible":true,"m":[1,0,0,0,0,1,0,0,0,0,1,0,0,90,40,1]},{"flipped":false,"visible":true,"m":[1,0,0,0,0,0.9986295700073242,-0.0523359552025795,0,0,0.0523359552025795,0.9986295700073242,0,0,50,60,1]},{"flipped":false,"visible":true,"m":[1,0,0,0,0,0.9986295700073242,-0.0523359552025795,0,0,0.0523359552025795,0.9986295700073242,0,0,50,60,1]},{"flipped":false,"visible":true,"m":[1,0,0,0,0,0.9986295700073242,-0.0523359552025795,0,0,0.0523359552025795,0.9986295700073242,0,0,50,60,1]},{"flipped":false,"visible":true,"m":[0.6045398712158203,0.4967004358768463,-0.6227520704269409,0,-0.48195987939834595,-0.3943803906440735,-0.7824186086654663,0,-0.6342288255691528,0.7731449007987976,9.710937738418579E-4,0,-140.273193359375,292.5339050292969,44.293724060058594,1]}],[{"flipped":false,"visible":true,"m":[1,0,0,0,0,1,0,0,0,0,1,0,0,0,0,1]},{"flipped":false,"visible":true,"m":[1,0,0,0,0,1,0,0,0,0,1,0,0,80,20,1]},{"flipped":false,"visible":true,"m":[1,0,0,0,0,0,-1,0,0,1,0,0,0,210,40,1]},{"flipped":false,"visible":true,"m":[0.8402748703956604,0.5378077030181885,0.06856335699558258,0,-0.5254432559013367,0.7766650319099426,0.3474203050136566,0,0.1335945725440979,-0.3279547095298767,0.9351995587348938,0,35,80,20,1]},{"flipped":false,"visible":true,"m":[-0.078692227602005,-0.5435172319412231,-0.8357012271881104,0,0.7811954617500305,-0.5544009804725647,0.2870074212551117,0,-0.6193071007728577,-0.6302608251571655,0.46822020411491394,0,98.05319213867188,-13.199806213378906,-21.69043731689453,1]},{"flipped":false,"visible":true,"m":[0.7113893032073975,0.3273511826992035,0.6219055652618408,0,0.33792105317115784,-0.9352173209190369,0.10572532564401627,0,0.6162261962890625,0.1349431425333023,-0.7759224772453308,0,-35,80,20,1]},{"flipped":false,"visible":true,"m":[0.6564464569091797,0.40392524003982544,-0.6371204257011414,0,0.4704815447330475,-0.8794036507606506,-0.07277647405862808,0,-0.5896823406219482,-0.2519794702529907,-0.7673208713531494,0,-75.55052185058594,192.22607421875,7.312960624694824,1]},{"flipped":false,"visible":true,"m":[1,0,0,0,0,1,0,0,0,0,1,0,0,90,40,1]},{"flipped":false,"visible":true,"m":[1,0,0,0,0,0.9986295700073242,-0.0523359552025795,0,0,0.0523359552025795,0.9986295700073242,0,0,50,60,1]},{"flipped":false,"visible":true,"m":[1,0,0,0,0,0.9986295700073242,-0.0523359552025795,0,0,0.0523359552025795,0.9986295700073242,0,0,50,60,1]},{"flipped":false,"visible":true,"m":[1,0,0,0,0,0.9986295700073242,-0.0523359552025795,0,0,0.0523359552025795,0.9986295700073242,0,0,50,60,1]},{"flipped":false,"visible":true,"m":[0.6564464569091797,0.40392524003982544,-0.6371204257011414,0,-0.537273645401001,-0.3425213098526001,-0.7707246541976929,0,-0.5295425057411194,0.8482474088668823,-0.007828623056411743,0,-132.00830078125,297.7545166015625,16.046138763427734,1]}],[{"flipped":false,"visible":true,"m":[1,0,0,0,0,1,0,0,0,0,1,0,0,0,0,1]},{"flipped":false,"visible":true,"m":[1,0,0,0,0,1,0,0,0,0,1,0,0,80,20,1]},{"flipped":false,"visible":true,"m":[1,0,0,0,0,0,-1,0,0,1,0,0,0,210,40,1]},{"flipped":false,"visible":true,"m":[0.8402748703956604,0.5378077030181885,0.06856335699558258,0,-0.5254432559013367,0.7766650319099426,0.3474203050136566,0,0.1335945725440979,-0.3279547095298767,0.9351995587348938,0,35,80,20,1]},{"flipped":false,"visible":true,"m":[-0.078692227602005,-0.5435172319412231,-0.8357012271881104,0,0.7811954617500305,-0.5544009804725647,0.2870074212551117,0,-0.6193071007728577,-0.6302608251571655,0.46822020411491394,0,98.05319213867188,-13.199806213378906,-21.69043731689453,1]},{"flipped":false,"visible":true,"m":[0.6910111904144287,0.36435961723327637,0.6242960691452026,0,0.29090091586112976,-0.9308156371116638,0.22126662731170654,0,0.6617251634597778,0.028710559010505676,-0.7491965889930725,0,-35,80,20,1]},{"flipped":false,"visible":true,"m":[0.7061871290206909,0.3091742992401123,-0.6369544863700867,0,0.4350261688232422,-0.899251401424408,0.04581877961754799,0,-0.5586161613464355,-0.3094484508037567,-0.7695386409759521,0,-69.90811157226562,191.6978759765625,-6.551994323730469,1]},{"flipped":false,"visible":true,"m":[1,0,0,0,0,1,0,0,0,0,1,0,0,90,40,1]},{"flipped":false,"visible":true,"m":[1,0,0,0,0,0.9986295700073242,-0.0523359552025795,0,0,0.0523359552025795,0.9986295700073242,0,0,50,60,1]},{"flipped":false,"visible":true,"m":[1,0,0,0,0,0.9986295700073242,-0.0523359552025795,0,0,0.0523359552025795,0.9986295700073242,0,0,50,60,1]},{"flipped":false,"visible":true,"m":[1,0,0,0,0,0.9986295700073242,-0.0523359552025795,0,0,0.0523359552025795,0.9986295700073242,0,0,50,60,1]},{"flipped":false,"visible":true,"m":[0.7061871290206909,0.3091742992401123,-0.6369544863700867,0,-0.5734603404998779,-0.2778715491294861,-0.7706689834594727,0,-0.4152626097202301,0.9095046520233154,-0.01893014833331108,0,-122.11125183105469,299.6080322265625,-12.050247192382812,1]}],[{"flipped":false,"visible":true,"m":[1,0,0,0,0,1,0,0,0,0,1,0,0,0,0,1]},{"flipped":false,"visible":true,"m":[1,0,0,0,0,1,0,0,0,0,1,0,0,80,20,1]},{"flipped":false,"visible":true,"m":[1,0,0,0,0,0,-1,0,0,1,0,0,0,210,40,1]},{"flipped":false,"visible":true,"m":[0.8402748703956604,0.5378077030181885,0.06856335699558258,0,-0.5254432559013367,0.7766650319099426,0.3474203050136566,0,0.1335945725440979,-0.3279547095298767,0.9351995587348938,0,35,80,20,1]},{"flipped":false,"visible":true,"m":[-0.078692227602005,-0.5435172319412231,-0.8357012271881104,0,0.7811954617500305,-0.5544009804725647,0.2870074212551117,0,-0.6193071007728577,-0.6302608251571655,0.46822020411491394,0,98.05319213867188,-13.199806213378906,-21.69043731689453,1]},{"flipped":false,"visible":true,"m":[0.6706063151359558,0.40185368061065674,0.6235389709472656,0,0.23782679438591003,-0.9126586318016052,0.3324044346809387,0,0.7026560306549072,-0.07461820542812347,-0.7076062560081482,0,-35,80,20,1]},{"flipped":false,"visible":true,"m":[0.7529189586639404,0.21421894431114197,-0.6222727298736572,0,0.39263561367988586,-0.9050431251525879,0.16350631415843964,0,-0.5281574726104736,-0.3674333989620209,-0.7655341625213623,0,-63.539215087890625,189.51904296875,-19.888530731201172,1]},{"flipped":false,"visible":true,"m":[1,0,0,0,0,1,0,0,0,0,1,0,0,90,40,1]},{"flipped":false,"visible":true,"m":[1,0,0,0,0,0.9986295700073242,-0.0523359552025795,0,0,0.0523359552025795,0.9986295700073242,0,0,50,60,1]},{"flipped":false,"visible":true,"m":[1,0,0,0,0,0.9986295700073242,-0.0523359552025795,0,0,0.0523359552025795,0.9986295700073242,0,0,50,60,1]},{"flipped":false,"visible":true,"m":[1,0,0,0,0,0.9986295700073242,-0.0523359552025795,0,0,0.0523359552025795,0.9986295700073242,0,0,50,60,1]},{"flipped":false,"visible":true,"m":[0.7529189586639404,0.21421894431114197,-0.6222727298736572,0,-0.5883136987686157,-0.20469330251216888,-0.7822965383529663,0,-0.29495769739151,0.9550974369049072,-0.028089597821235657,0,-110.65548706054688,298.12420654296875,-39.5092887878418,1]}],[{"flipped":false,"visible":true,"m":[1,0,0,0,0,1,0,0,0,0,1,0,0,0,0,1]},{"flipped":false,"visible":true,"m":[1,0,0,0,0,1,0,0,0,0,1,0,0,80,20,1]},{"flipped":false,"visible":true,"m":[1,0,0,0,0,0,-1,0,0,1,0,0,0,210,40,1]},{"flipped":false,"visible":true,"m":[0.8402748703956604,0.5378077030181885,0.06856335699558258,0,-0.5254432559013367,0.7766650319099426,0.3474203050136566,0,0.1335945725440979,-0.3279547095298767,0.9351995587348938,0,35,80,20,1]},{"flipped":false,"visible":true,"m":[-0.078692227602005,-0.5435172319412231,-0.8357012271881104,0,0.7811954617500305,-0.5544009804725647,0.2870074212551117,0,-0.6193071007728577,-0.6302608251571655,0.46822020411491394,0,98.05319213867188,-13.199806213378906,-21.69043731689453,1]},{"flipped":false,"visible":true,"m":[0.6502783298492432,0.4396013021469116,0.6195875406265259,0,0.17920421063899994,-0.8813194036483765,0.43722063302993774,0,0.7382574081420898,-0.1732824146747589,-0.651881217956543,0,-35,80,20,1]},{"flipped":false,"visible":true,"m":[0.7958241701126099,0.12081869691610336,-0.5933519005775452,0,0.34362882375717163,-0.8969364762306213,0.27825212478637695,0,-0.49858105182647705,-0.4253326952457428,-0.7553204298019409,0,-56.5045051574707,185.75833129882812,-32.46647644042969,1]},{"flipped":false,"visible":true,"m":[1,0,0,0,0,1,0,0,0,0,1,0,0,90,40,1]},{"flipped":false,"visible":true,"m":[1,0,0,0,0,0.9986295700073242,-0.0523359552025795,0,0,0.0523359552025795,0.9986295700073242,0,0,50,60,1]},{"flipped":false,"visible":true,"m":[1,0,0,0,0,0.9986295700073242,-0.0523359552025795,0,0,0.0523359552025795,0.9986295700073242,0,0,50,60,1]},{"flipped":false,"visible":true,"m":[1,0,0,0,0,0.9986295700073242,-0.0523359552025795,0,0,0.0523359552025795,0.9986295700073242,0,0,50,60,1]},{"flipped":false,"visible":true,"m":[0.7958241701126099,0.12081869691610336,-0.5933519005775452,0,-0.5803658366203308,-0.12734699249267578,-0.8043370246887207,0,-0.17274051904678345,0.9844722747802734,-0.031226783990859985,0,-97.73995971679688,293.3907165527344,-65.85673522949219,1]}],[{"flipped":false,"visible":true,"m":[1,0,0,0,0,1,0,0,0,0,1,0,0,0,0,1]},{"flipped":false,"visible":true,"m":[1,0,0,0,0,1,0,0,0,0,1,0,0,80,20,1]},{"flipped":false,"visible":true,"m":[1,0,0,0,0,0,-1,0,0,1,0,0,0,210,40,1]},{"flipped":false,"visible":true,"m":[0.8402748703956604,0.5378077030181885,0.06856335699558258,0,-0.5254432559013367,0.7766650319099426,0.3474203050136566,0,0.1335945725440979,-0.3279547095298767,0.9351995587348938,0,35,80,20,1]},{"flipped":false,"visible":true,"m":[-0.078692227602005,-0.5435172319412231,-0.8357012271881104,0,0.7811954617500305,-0.5544009804725647,0.2870074212551117,0,-0.6193071007728577,-0.6302608251571655,0.46822020411491394,0,98.05319213867188,-13.199806213378906,-21.69043731689453,1]},{"flipped":false,"visible":true,"m":[0.6301320195198059,0.47736698389053345,0.6124168634414673,0,0.11563366651535034,-0.8375962376594543,0.5339112877845764,0,0.7678297162055969,-0.26561856269836426,-0.5829959511756897,0,-35,80,20,1]},{"flipped":false,"visible":true,"m":[0.8341231942176819,0.030689939856529236,-0.5507236123085022,0,0.28843140602111816,-0.8753302097320557,0.3880777657032013,0,-0.4701549708843231,-0.4825507402420044,-0.7389852404594421,0,-48.87603759765625,180.5115509033203,-44.06935119628906,1]},{"flipped":false,"visible":true,"m":[1,0,0,0,0,1,0,0,0,0,1,0,0,90,40,1]},{"flipped":false,"visible":true,"m":[1,0,0,0,0,0.9986295700073242,-0.0523359552025795,0,0,0.0523359552025795,0.9986295700073242,0,0,50,60,1]},{"flipped":false,"visible":true,"m":[1,0,0,0,0,0.9986295700073242,-0.0523359552025795,0,0,0.0523359552025795,0.9986295700073242,0,0,50,60,1]},{"flipped":false,"visible":true,"m":[1,0,0,0,0,0.9986295700073242,-0.0523359552025795,0,0,0.0523359552025795,0.9986295700073242,0,0,50,60,1]},{"flipped":false,"visible":true,"m":[0.8341231942176819,0.030689939856529236,-0.5507236123085022,0,-0.5490125417709351,-0.04999396204948425,-0.834317684173584,0,-0.05313791334629059,0.998278021812439,-0.024851948022842407,0,-83.48780822753906,285.5511779785156,-90.63868713378906,1]}],[{"flipped":false,"visible":true,"m":[1,0,0,0,0,1,0,0,0,0,1,0,0,0,0,1]},{"flipped":false,"visible":true,"m":[1,0,0,0,0,1,0,0,0,0,1,0,0,80,20,1]},{"flipped":false,"visible":true,"m":[1,0,0,0,0,0,-1,0,0,1,0,0,0,210,40,1]},{"flipped":false,"visible":true,"m":[0.8402748703956604,0.5378077030181885,0.06856335699558258,0,-0.5254432559013367,0.7766650319099426,0.3474203050136566,0,0.1335945725440979,-0.3279547095298767,0.9351995587348938,0,35,80,20,1]},{"flipped":false,"visible":true,"m":[-0.078692227602005,-0.5435172319412231,-0.8357012271881104,0,0.7811954617500305,-0.5544009804725647,0.2870074212551117,0,-0.6193071007728577,-0.6302608251571655,0.46822020411491394,0,98.05319213867188,-13.199806213378906,-21.69043731689453,1]},{"flipped":false,"visible":true,"m":[0.6102729439735413,0.5149127840995789,0.6020231246948242,0,0.04780317842960358,-0.7824980020523071,0.6208153963088989,0,0.7907476425170898,-0.3500882387161255,-0.5021517872810364,0,-35,80,20,1]},{"flipped":false,"visible":true,"m":[0.8670876026153564,-0.054523617029190063,-0.49516287446022034,0,0.22757109999656677,-0.840856671333313,0.4910922348499298,0,-0.44313716888427734,-0.5385048389434814,-0.7166883945465088,0,-40.73638153076172,173.89974975585938,-54.49784851074219,1]},{"flipped":false,"visible":true,"m":[1,0,0,0,0,1,0,0,0,0,1,0,0,90,40,1]},{"flipped":false,"visible":true,"m":[1,0,0,0,0,0.9986295700073242,-0.0523359552025795,0,0,0.0523359552025795,0.9986295700073242,0,0,50,60,1]},{"flipped":false,"visible":true,"m":[1,0,0,0,0,0.9986295700073242,-0.0523359552025795,0,0,0.0523359552025795,0.9986295700073242,0,0,50,60,1]},{"flipped":false,"visible":true,"m":[1,0,0,0,0,0.9986295700073242,-0.0523359552025795,0,0,0.0523359552025795,0.9986295700073242,0,0,50,60,1]},{"flipped":false,"visible":true,"m":[0.8670876026153564,-0.054523617029190063,-0.49516287446022034,0,-0.4946334660053253,0.02376103401184082,-0.8687769174575806,0,0.059134528040885925,0.9982298612594604,-0.006366252899169922,0,-68.04491424560547,274.80255126953125,-113.42891693115234,1]}],[{"flipped":false,"visible":true,"m":[1,0,0,0,0,1,0,0,0,0,1,0,0,0,0,1]},{"flipped":false,"visible":true,"m":[1,0,0,0,0,1,0,0,0,0,1,0,0,80,20,1]},{"flipped":false,"visible":true,"m":[1,0,0,0,0,0,-1,0,0,1,0,0,0,210,40,1]},{"flipped":false,"visible":true,"m":[0.8402748703956604,0.5378077030181885,0.06856335699558258,0,-0.5254432559013367,0.7766650319099426,0.3474203050136566,0,0.1335945725440979,-0.3279547095298767,0.9351995587348938,0,35,80,20,1]},{"flipped":false,"visible":true,"m":[-0.078692227602005,-0.5435172319412231,-0.8357012271881104,0,0.7811954617500305,-0.5544009804725647,0.2870074212551117,0,-0.6193071007728577,-0.6302608251571655,0.46822020411491394,0,98.05319213867188,-13.199806213378906,-21.69043731689453,1]},{"flipped":false,"visible":true,"m":[0.5908059477806091,0.5520007610321045,0.588424563407898,0,-0.023522183299064636,-0.7172244787216187,0.6964452266693115,0,0.8064707517623901,-0.4253051280975342,-0.4107562303543091,0,-35,80,20,1]},{"flipped":false,"visible":true,"m":[0.8940525054931641,-0.13328072428703308,-0.42767566442489624,0,0.16166993975639343,-0.7943689227104187,0.5855265259742737,0,-0.41777151823043823,-0.5926336646080017,-0.6886598467826843,0,-32.177337646484375,166.0669403076172,-63.57342529296875,1]},{"flipped":false,"visible":true,"m":[1,0,0,0,0,1,0,0,0,0,1,0,0,90,40,1]},{"flipped":false,"visible":true,"m":[1,0,0,0,0,0.9986295700073242,-0.0523359552025795,0,0,0.0523359552025795,0.9986295700073242,0,0,50,60,1]},{"flipped":false,"visible":true,"m":[1,0,0,0,0,0.9986295700073242,-0.0523359552025795,0,0,0.0523359552025795,0.9986295700073242,0,0,50,60,1]},{"flipped":false,"visible":true,"m":[1,0,0,0,0,0.9986295700073242,-0.0523359552025795,0,0,0.0523359552025795,0.9986295700073242,0,0,50,60,1]},{"flipped":false,"visible":true,"m":[0.8940525054931641,-0.13328072428703308,-0.42767566442489624,0,-0.418643057346344,0.09112399816513062,-0.9035677909851074,0,0.15939955413341522,0.9868805408477783,0.02567240595817566,0,-51.577728271484375,261.3912048339844,-133.83660888671875,1]}],[{"flipped":false,"visible":true,"m":[1,0,0,0,0,1,0,0,0,0,1,0,0,0,0,1]},{"flipped":false,"visible":true,"m":[1,0,0,0,0,1,0,0,0,0,1,0,0,80,20,1]},{"flipped":false,"visible":true,"m":[1,0,0,0,0,0,-1,0,0,1,0,0,0,210,40,1]},{"flipped":false,"visible":true,"m":[0.8402748703956604,0.5378077030181885,0.06856335699558258,0,-0.5254432559013367,0.7766650319099426,0.3474203050136566,0,0.1335945725440979,-0.3279547095298767,0.9351995587348938,0,35,80,20,1]},{"flipped":false,"visible":true,"m":[-0.078692227602005,-0.5435172319412231,-0.8357012271881104,0,0.7811954617500305,-0.5544009804725647,0.2870074212551117,0,-0.6193071007728577,-0.6302608251571655,0.46822020411491394,0,98.05319213867188,-13.199806213378906,-21.69043731689453,1]},{"flipped":false,"visible":true,"m":[0.5718355178833008,0.5883941650390625,0.5716612339019775,0,-0.09751011431217194,-0.6431451439857483,0.7595104575157166,0,0.8145526051521301,-0.4900577664375305,-0.3103988468647003,0,-35,80,20,1]},{"flipped":false,"visible":true,"m":[0.9144276976585388,-0.2041686475276947,-0.3494813144207001,0,0.09143684804439545,-0.7369248270988464,0.6697620749473572,0,-0.3942858874797821,-0.6444044709205627,-0.6551960110664368,0,-23.298786163330078,157.1774139404297,-71.1412582397461,1]},{"flipped":false,"visible":true,"m":[1,0,0,0,0,1,0,0,0,0,1,0,0,90,40,1]},{"flipped":false,"visible":true,"m":[1,0,0,0,0,0.9986295700073242,-0.0523359552025795,0,0,0.0523359552025795,0.9986295700073242,0,0,50,60,1]},{"flipped":false,"visible":true,"m":[1,0,0,0,0,0.9986295700073242,-0.0523359552025795,0,0,0.0523359552025795,0.9986295700073242,0,0,50,60,1]},{"flipped":false,"visible":true,"m":[1,0,0,0,0,0.9986295700073242,-0.0523359552025795,0,0,0.0523359552025795,0.9986295700073242,0,0,50,60,1]},{"flipped":false,"visible":true,"m":[0.9144276976585388,-0.2041686475276947,-0.3494813144207001,0,-0.3234867453575134,0.15030190348625183,-0.9342193603515625,0,0.2432660162448883,0.9673285484313965,0.0713944137096405,0,-34.271209716796875,245.6083984375,-151.51271057128906,1]}],[{"flipped":false,"visible":true,"m":[1,0,0,0,0,1,0,0,0,0,1,0,0,0,0,1]},{"flipped":false,"visible":true,"m":[1,0,0,0,0,1,0,0,0,0,1,0,0,80,20,1]},{"flipped":false,"visible":true,"m":[1,0,0,0,0,0,-1,0,0,1,0,0,0,210,40,1]},{"flipped":false,"visible":true,"m":[0.8402748703956604,0.5378077030181885,0.06856335699558258,0,-0.5254432559013367,0.7766650319099426,0.3474203050136566,0,0.1335945725440979,-0.3279547095298767,0.9351995587348938,0,35,80,20,1]},{"flipped":false,"visible":true,"m":[-0.078692227602005,-0.5435172319412231,-0.8357012271881104,0,0.7811954617500305,-0.5544009804725647,0.2870074212551117,0,-0.6193071007728577,-0.6302608251571655,0.46822020411491394,0,98.05319213867188,-13.199806213378906,-21.69043731689453,1]},{"flipped":false,"visible":true,"m":[0.5534639358520508,0.6238592267036438,0.5517946481704712,0,-0.17327351868152618,-0.5617750287055969,0.8089407682418823,0,0.8146497011184692,-0.5433310270309448,-0.20282401144504547,0,-35,80,20,1]},{"flipped":false,"visible":true,"m":[0.9277082681655884,-0.265928715467453,-0.26199132204055786,0,0.01765754260122776,-0.6697688698768616,0.7423598170280457,0,-0.3728882372379303,-0.6933194398880005,-0.6166543960571289,0,-14.207178115844727,147.41299438476562,-77.07289123535156,1]},{"flipped":false,"visible":true,"m":[1,0,0,0,0,1,0,0,0,0,1,0,0,90,40,1]},{"flipped":false,"visible":true,"m":[1,0,0,0,0,0.9986295700073242,-0.0523359552025795,0,0,0.0523359552025795,0.9986295700073242,0,0,50,60,1]},{"flipped":false,"visible":true,"m":[1,0,0,0,0,0.9986295700073242,-0.0523359552025795,0,0,0.0523359552025795,0.9986295700073242,0,0,50,60,1]},{"flipped":false,"visible":true,"m":[1,0,0,0,0,0.9986295700073242,-0.0523359552025795,0,0,0.0523359552025795,0.9986295700073242,0,0,50,60,1]},{"flipped":false,"visible":true,"m":[0.9277082681655884,-0.265928715467453,-0.26199132204055786,0,-0.21257519721984863,0.20059263706207275,-0.9563338756561279,0,0.3068700432777405,0.9428917169570923,0.12956154346466064,0,-16.32608413696289,227.78524780273438,-166.15606689453125,1]}],[{"flipped":false,"visible":true,"m":[1,0,0,0,0,1,0,0,0,0,1,0,0,0,0,1]},{"flipped":false,"visible":true,"m":[1,0,0,0,0,1,0,0,0,0,1,0,0,80,20,1]},{"flipped":false,"visible":true,"m":[1,0,0,0,0,0,-1,0,0,1,0,0,0,210,40,1]},{"flipped":false,"visible":true,"m":[0.8402748703956604,0.5378077030181885,0.06856335699558258,0,-0.5254432559013367,0.7766650319099426,0.3474203050136566,0,0.1335945725440979,-0.3279547095298767,0.9351995587348938,0,35,80,20,1]},{"flipped":false,"visible":true,"m":[-0.078692227602005,-0.5435172319412231,-0.8357012271881104,0,0.7811954617500305,-0.5544009804725647,0.2870074212551117,0,-0.6193071007728577,-0.6302608251571655,0.46822020411491394,0,98.05319213867188,-13.199806213378906,-21.69043731689453,1]},{"flipped":false,"visible":true,"m":[0.5357913970947266,0.6581674218177795,0.5289075970649719,0,-0.24988417327404022,-0.47474509477615356,0.8439046740531921,0,0.8065268397331238,-0.5843225717544556,-0.08989877253770828,0,-35,80,20,1]},{"flipped":false,"visible":true,"m":[0.9334833025932312,-0.3174782395362854,-0.16678321361541748,0,-0.058817509561777115,-0.5943067669868469,0.8020848631858826,0,-0.35376477241516113,-0.7389230728149414,-0.573448657989502,0,-5.013898849487305,136.9694061279297,-81.26856231689453,1]},{"flipped":false,"visible":true,"m":[1,0,0,0,0,1,0,0,0,0,1,0,0,90,40,1]},{"flipped":false,"visible":true,"m":[1,0,0,0,0,0.9986295700073242,-0.0523359552025795,0,0,0.0523359552025795,0.9986295700073242,0,0,50,60,1]},{"flipped":false,"visible":true,"m":[1,0,0,0,0,0.9986295700073242,-0.0523359552025795,0,0,0.0523359552025795,0.9986295700073242,0,0,50,60,1]},{"flipped":false,"visible":true,"m":[1,0,0,0,0,0.9986295700073242,-0.0523359552025795,0,0,0.0523359552025795,0.9986295700073242,0,0,50,60,1]},{"flipped":false,"visible":true,"m":[0.9334833025932312,-0.3174782395362854,-0.16678321361541748,0,-0.0901566818356514,0.24237900972366333,-0.9659835696220398,0,0.34710341691970825,0.9167661666870117,0.19763395190238953,0,2.0442023277282715,208.28622436523438,-177.51873779296875,1]}],[{"flipped":false,"visible":true,"m":[1,0,0,0,0,1,0,0,0,0,1,0,0,0,0,1]},{"flipped":false,"visible":true,"m":[1,0,0,0,0,1,0,0,0,0,1,0,0,80,20,1]},{"flipped":false,"visible":true,"m":[1,0,0,0,0,0,-1,0,0,1,0,0,0,210,40,1]},{"flipped":false,"visible":true,"m":[0.8402748703956604,0.5378077030181885,0.06856335699558258,0,-0.5254432559013367,0.7766650319099426,0.3474203050136566,0,0.1335945725440979,-0.3279547095298767,0.9351995587348938,0,35,80,20,1]},{"flipped":false,"visible":true,"m":[-0.078692227602005,-0.5435172319412231,-0.8357012271881104,0,0.7811954617500305,-0.5544009804725647,0.2870074212551117,0,-0.6193071007728577,-0.6302608251571655,0.46822020411491394,0,98.05319213867188,-13.199806213378906,-21.69043731689453,1]},{"flipped":false,"visible":true,"m":[0.518915057182312,0.6910960078239441,0.5031037330627441,0,-0.3263852596282959,-0.3837757408618927,0.8638221025466919,0,0.7900630235671997,-0.6124559640884399,0.02641655132174492,0,-35,80,20,1]},{"flipped":false,"visible":true,"m":[0.9314432740211487,-0.35792863368988037,-0.06557541340589523,0,-0.13708406686782837,-0.5120828747749329,0.8479263186454773,0,-0.3370773196220398,-0.7808061242103577,-0.5260425209999084,0,4.166229248046875,126.05308532714844,-83.65865325927734,1]},{"flipped":false,"visible":true,"m":[1,0,0,0,0,1,0,0,0,0,1,0,0,90,40,1]},{"flipped":false,"visible":true,"m":[1,0,0,0,0,0.9986295700073242,-0.0523359552025795,0,0,0.0523359552025795,0.9986295700073242,0,0,50,60,1]},{"flipped":false,"visible":true,"m":[1,0,0,0,0,0.9986295700073242,-0.0523359552025795,0,0,0.0523359552025795,0.9986295700073242,0,0,50,60,1]},{"flipped":false,"visible":true,"m":[1,0,0,0,0,0.9986295700073242,-0.0523359552025795,0,0,0.0523359552025795,0.9986295700073242,0,0,50,60,1]},{"flipped":false,"visible":true,"m":[0.9314432740211487,-0.35792863368988037,-0.06557541340589523,0,0.03886274993419647,0.2770267724990845,-0.9600759148597717,0,0.3618049919605255,0.8917080760002136,0.2719448506832123,0,20.616317749023438,187.50302124023438,-185.40982055664062,1]}],[{"flipped":false,"visible":true,"m":[1,0,0,0,0,1,0,0,0,0,1,0,0,0,0,1]},{"flipped":false,"visible":true,"m":[1,0,0,0,0,1,0,0,0,0,1,0,0,80,20,1]},{"flipped":false,"visible":true,"m":[1,0,0,0,0,0,-1,0,0,1,0,0,0,210,40,1]},{"flipped":false,"visible":true,"m":[0.8402748703956604,0.5378077030181885,0.06856335699558258,0,-0.5254432559013367,0.7766650319099426,0.3474203050136566,0,0.1335945725440979,-0.3279547095298767,0.9351995587348938,0,35,80,20,1]},{"flipped":false,"visible":true,"m":[-0.078692227602005,-0.5435172319412231,-0.8357012271881104,0,0.7811954617500305,-0.5544009804725647,0.2870074212551117,0,-0.6193071007728577,-0.6302608251571655,0.46822020411491394,0,98.05319213867188,-13.199806213378906,-21.69043731689453,1]},{"flipped":false,"visible":true,"m":[0.5029283761978149,0.7224310040473938,0.4745066463947296,0,-0.4018070101737976,-0.2906438708305359,0.8683762550354004,0,0.7652543783187866,-0.6273911595344543,0.14410479366779327,0,-35,80,20,1]},{"flipped":false,"visible":true,"m":[0.9213870763778687,-0.386602520942688,0.03980478644371033,0,-0.21619853377342224,-0.4247501492500305,0.879116415977478,0,-0.3229615092277527,-0.8186122179031372,-0.474942147731781,0,13.216842651367188,114.87726593017578,-84.20515441894531,1]},{"flipped":false,"visible":true,"m":[1,0,0,0,0,1,0,0,0,0,1,0,0,90,40,1]},{"flipped":false,"visible":true,"m":[1,0,0,0,0,0.9986295700073242,-0.0523359552025795,0,0,0.0523359552025795,0.9986295700073242,0,0,50,60,1]},{"flipped":false,"visible":true,"m":[1,0,0,0,0,0.9986295700073242,-0.0523359552025795,0,0,0.0523359552025795,0.9986295700073242,0,0,50,60,1]},{"flipped":false,"visible":true,"m":[1,0,0,0,0,0.9986295700073242,-0.0523359552025795,0,0,0.0523359552025795,0.9986295700073242,0,0,50,60,1]},{"flipped":false,"visible":true,"m":[0.9213870763778687,-0.386602520942688,0.03980478644371033,0,0.16914695501327515,0.30668774247169495,-0.9366600513458252,0,0.3499074876308441,0.8697593212127686,0.34797072410583496,0,39.160667419433594,165.8472900390625,-189.69912719726562,1]}],[{"flipped":false,"visible":true,"m":[1,0,0,0,0,1,0,0,0,0,1,0,0,0,0,1]},{"flipped":false,"visible":true,"m":[1,0,0,0,0,1,0,0,0,0,1,0,0,80,20,1]},{"flipped":false,"visible":true,"m":[1,0,0,0,0,0,-1,0,0,1,0,0,0,210,40,1]},{"flipped":false,"visible":true,"m":[0.8402748703956604,0.5378077030181885,0.06856335699558258,0,-0.5254432559013367,0.7766650319099426,0.3474203050136566,0,0.1335945725440979,-0.3279547095298767,0.9351995587348938,0,35,80,20,1]},{"flipped":false,"visible":true,"m":[-0.078692227602005,-0.5435172319412231,-0.8357012271881104,0,0.7811954617500305,-0.5544009804725647,0.2870074212551117,0,-0.6193071007728577,-0.6302608251571655,0.46822020411491394,0,98.05319213867188,-13.199806213378906,-21.69043731689453,1]},{"flipped":false,"visible":true,"m":[0.48792022466659546,0.7519674897193909,0.4432592988014221,0,-0.4751802384853363,-0.1971522718667984,0.8575165867805481,0,0.7322141528129578,-0.6290277242660522,0.26112544536590576,0,-35,80,20,1]},{"flipped":false,"visible":true,"m":[0.9032242298126221,-0.40304309129714966,0.14745232462882996,0,-0.29519131779670715,-0.3340415954589844,0.8951416015625,0,-0.3115254342556,-0.8520402312278748,-0.4206893742084503,0,22.021629333496094,103.65827178955078,-82.90199279785156,1]},{"flipped":false,"visible":true,"m":[1,0,0,0,0,1,0,0,0,0,1,0,0,90,40,1]},{"flipped":false,"visible":true,"m":[1,0,0,0,0,0.9986295700073242,-0.0523359552025795,0,0,0.0523359552025795,0.9986295700073242,0,0,50,60,1]},{"flipped":false,"visible":true,"m":[1,0,0,0,0,0.9986295700073242,-0.0523359552025795,0,0,0.0523359552025795,0.9986295700073242,0,0,50,60,1]},{"flipped":false,"visible":true,"m":[1,0,0,0,0,0.9986295700073242,-0.0523359552025795,0,0,0.0523359552025795,0.9986295700073242,0,0,50,60,1]},{"flipped":false,"visible":true,"m":[0.9032242298126221,-0.40304309129714966,0.14745232462882996,0,0.2951912581920624,0.33404141664505005,-0.8951416611671448,0,0.31152549386024475,0.8520402908325195,0.420689195394516,0,57.44458770751953,143.74325561523438,-190.31898498535156,1]}],[{"flipped":false,"visible":true,"m":[1,0,0,0,0,1,0,0,0,0,1,0,0,0,0,1]},{"flipped":false,"visible":true,"m":[1,0,0,0,0,1,0,0,0,0,1,0,0,80,20,1]},{"flipped":false,"visible":true,"m":[1,0,0,0,0,0,-1,0,0,1,0,0,0,210,40,1]},{"flipped":false,"visible":true,"m":[0.8402748703956604,0.5378077030181885,0.06856335699558258,0,-0.5254432559013367,0.7766650319099426,0.3474203050136566,0,0.1335945725440979,-0.3279547095298767,0.9351995587348938,0,35,80,20,1]},{"flipped":false,"visible":true,"m":[-0.078692227602005,-0.5435172319412231,-0.8357012271881104,0,0.7811954617500305,-0.5544009804725647,0.2870074212551117,0,-0.6193071007728577,-0.6302608251571655,0.46822020411491394,0,98.05319213867188,-13.199806213378906,-21.69043731689453,1]},{"flipped":false,"visible":true,"m":[0.47397470474243164,0.7795119881629944,0.4095228910446167,0,-0.5455516576766968,-0.10509753227233887,0.8314611911773682,0,0.6911739110946655,-0.6175074577331543,0.3754505217075348,0,-35,80,20,1]},{"flipped":false,"visible":true,"m":[0.8769797086715698,-0.40702366828918457,0.25541776418685913,0,-0.3730812668800354,-0.2417391687631607,0.895752489566803,0,-0.3028481602668762,-0.8808483481407166,-0.3638532757759094,0,30.466201782226562,92.61170196533203,-79.77534484863281,1]},{"flipped":false,"visible":true,"m":[1,0,0,0,0,1,0,0,0,0,1,0,0,90,40,1]},{"flipped":false,"visible":true,"m":[1,0,0,0,0,0.9986295700073242,-0.0523359552025795,0,0,0.0523359552025795,0.9986295700073242,0,0,50,60,1]},{"flipped":false,"visible":true,"m":[1,0,0,0,0,0.9986295700073242,-0.0523359552025795,0,0,0.0523359552025795,0.9986295700073242,0,0,50,60,1]},{"flipped":false,"visible":true,"m":[1,0,0,0,0,0.9986295700073242,-0.0523359552025795,0,0,0.0523359552025795,0.9986295700073242,0,0,50,60,1]},{"flipped":false,"visible":true,"m":[0.8769797086715698,-0.40702366828918457,0.25541776418685913,0,0.4115987718105316,0.3619769215583801,-0.8363965749740601,0,0.24797803163528442,0.8386324644088745,0.4849768877029419,0,75.23595428466797,121.62039947509766,-187.26564025878906,1]}],[{"flipped":false,"visible":true,"m":[1,0,0,0,0,1,0,0,0,0,1,0,0,0,0,1]},{"flipped":false,"visible":true,"m":[1,0,0,0,0,1,0,0,0,0,1,0,0,80,20,1]},{"flipped":false,"visible":true,"m":[1,0,0,0,0,0,-1,0,0,1,0,0,0,210,40,1]},{"flipped":false,"visible":true,"m":[0.8402748703956604,0.5378077030181885,0.06856335699558258,0,-0.5254432559013367,0.7766650319099426,0.3474203050136566,0,0.1335945725440979,-0.3279547095298767,0.9351995587348938,0,35,80,20,1]},{"flipped":false,"visible":true,"m":[-0.078692227602005,-0.5435172319412231,-0.8357012271881104,0,0.7811954617500305,-0.5544009804725647,0.2870074212551117,0,-0.6193071007728577,-0.6302608251571655,0.46822020411491394,0,98.05319213867188,-13.199806213378906,-21.69043731689453,1]},{"flipped":false,"visible":true,"m":[0.4611702561378479,0.804883599281311,0.3734760880470276,0,-0.611998438835144,-0.0162372887134552,0.7906922698020935,0,0.6424795389175415,-0.5932105183601379,0.48509934544563293,0,-35,80,20,1]},{"flipped":false,"visible":true,"m":[0.8427931070327759,-0.39855098724365234,0.3617413640022278,0,-0.4488909840583801,-0.14964117109775543,0.8809679746627808,0,-0.29697924852371216,-0.9048561453819275,-0.30502253770828247,0,38.43981170654297,81.94847106933594,-74.88307189941406,1]},{"flipped":false,"visible":true,"m":[1,0,0,0,0,1,0,0,0,0,1,0,0,90,40,1]},{"flipped":false,"visible":true,"m":[1,0,0,0,0,0.9986295700073242,-0.0523359552025795,0,0,0.0523359552025795,0.9986295700073242,0,0,50,60,1]},{"flipped":false,"visible":true,"m":[1,0,0,0,0,0.9986295700073242,-0.0523359552025795,0,0,0.0523359552025795,0.9986295700073242,0,0,50,60,1]},{"flipped":false,"visible":true,"m":[1,0,0,0,0,0.9986295700073242,-0.0523359552025795,0,0,0.0523359552025795,0.9986295700073242,0,0,50,60,1]},{"flipped":false,"visible":true,"m":[0.8427931070327759,-0.39855098724365234,0.3617413640022278,0,0.513360321521759,0.3932565450668335,-0.762765109539032,0,0.161743625998497,0.8285568356513977,0.5360342264175415,0,92.30673217773438,99.90541076660156,-180.59922790527344,1]}],[{"flipped":false,"visible":true,"m":[1,0,0,0,0,1,0,0,0,0,1,0,0,0,0,1]},{"flipped":false,"visible":true,"m":[1,0,0,0,0,1,0,0,0,0,1,0,0,80,20,1]},{"flipped":false,"visible":true,"m":[1,0,0,0,0,0,-1,0,0,1,0,0,0,210,40,1]},{"flipped":false,"visible":true,"m":[0.8402748703956604,0.5378077030181885,0.06856335699558258,0,-0.5254432559013367,0.7766650319099426,0.3474203050136566,0,0.1335945725440979,-0.3279547095298767,0.9351995587348938,0,35,80,20,1]},{"flipped":false,"visible":true,"m":[-0.078692227602005,-0.5435172319412231,-0.8357012271881104,0,0.7811954617500305,-0.5544009804725647,0.2870074212551117,0,-0.6193071007728577,-0.6302608251571655,0.46822020411491394,0,98.05319213867188,-13.199806213378906,-21.69043731689453,1]},{"flipped":false,"visible":true,"m":[0.4495794177055359,0.8279150724411011,0.3353133201599121,0,-0.6736418008804321,0.0677395910024643,0.7359471917152405,0,0.5865877270698547,-0.5567477345466614,0.588172435760498,0,-35,80,20,1]},{"flipped":false,"visible":true,"m":[0.800918459892273,-0.3778642416000366,0.4644870162010193,0,-0.521660566329956,-0.059531427919864655,0.8510738015174866,0,-0.29393869638442993,-0.9239451885223389,-0.24479669332504272,0,45.837013244628906,71.87124633789062,-68.31365966796875,1]},{"flipped":false,"visible":true,"m":[1,0,0,0,0,1,0,0,0,0,1,0,0,90,40,1]},{"flipped":false,"visible":true,"m":[1,0,0,0,0,0.9986295700073242,-0.0523359552025795,0,0,0.0523359552025795,0.9986295700073242,0,0,50,60,1]},{"flipped":false,"visible":true,"m":[1,0,0,0,0,0.9986295700073242,-0.0523359552025795,0,0,0.0523359552025795,0.9986295700073242,0,0,50,60,1]},{"flipped":false,"visible":true,"m":[1,0,0,0,0,0.9986295700073242,-0.0523359552025795,0,0,0.0523359552025795,0.9986295700073242,0,0,50,60,1]},{"flipped":false,"visible":true,"m":[0.800918459892273,-0.3778642416000366,0.4644870162010193,0,0.5961162447929382,0.4301871061325073,-0.6779267191886902,0,0.05634783208370209,0.8198522329330444,0.5697958469390869,0,108.436279296875,79.0150146484375,-170.4425048828125,1]}],[{"flipped":false,"visible":true,"m":[1,0,0,0,0,1,0,0,0,0,1,0,0,0,0,1]},{"flipped":false,"visible":true,"m":[1,0,0,0,0,1,0,0,0,0,1,0,0,80,20,1]},{"flipped":false,"visible":true,"m":[1,0,0,0,0,0,-1,0,0,1,0,0,0,210,40,1]},{"flipped":false,"visible":true,"m":[0.8402748703956604,0.5378077030181885,0.06856335699558258,0,-0.5254432559013367,0.7766650319099426,0.3474203050136566,0,0.1335945725440979,-0.3279547095298767,0.9351995587348938,0,35,80,20,1]},{"flipped":false,"visible":true,"m":[-0.078692227602005,-0.5435172319412231,-0.8357012271881104,0,0.7811954617500305,-0.5544009804725647,0.2870074212551117,0,-0.6193071007728577,-0.6302608251571655,0.46822020411491394,0,98.05319213867188,-13.199806213378906,-21.69043731689453,1]},{"flipped":false,"visible":true,"m":[0.43926793336868286,0.8484542369842529,0.2952440083026886,0,-0.7296608686447144,0.145243838429451,0.6682059168815613,0,0.5240598320960999,-0.5089493989944458,0.6828847527503967,0,-35,80,20,1]},{"flipped":false,"visible":true,"m":[0.7517209053039551,-0.34543097019195557,0.5617765784263611,0,-0.590462863445282,0.02685321494936943,0.8066179752349854,0,-0.2937164306640625,-0.9380598664283752,-0.1837780475616455,0,52.559303283691406,62.57073974609375,-60.18470764160156,1]},{"flipped":false,"visible":true,"m":[1,0,0,0,0,1,0,0,0,0,1,0,0,90,40,1]},{"flipped":false,"visible":true,"m":[1,0,0,0,0,0.9986295700073242,-0.0523359552025795,0,0,0.0523359552025795,0.9986295700073242,0,0,50,60,1]},{"flipped":false,"vis